mf 0 99 0.69301
mf 100 199 -0.10624
mf 200 299 -0.33778
mf 300 399 -0.39144
mf 400 499 -0.30003
mf 500 599 -0.15246
mf 600 699 0.01628
mf 700 799 0.48308
mf 800 899 -0.34561
mf 900 999 -0.27067
mf 1000 1099 -0.44617
mf 1100 1199 0.79670
mf 1200 1299 -0.08858
mf 1300 1399 -0.06256
mf 1400 1499 0.09409
mf 1500 1599 -0.41864
mf 1600 1699 0.09009
mf 1700 1799 0.24997
mf 1800 1899 0.17669
mf 1900 1999 -0.20869
mf 2000 2099 0.24687
mf 2100 2199 -0.39277
mf 2200 2299 -0.16539
mf 2300 2399 -0.50004
mf 2400 2499 -0.07244
mf 2500 2599 -0.11227
mf 2600 2699 -0.13851
mf 2700 2799 0.16125
mf 2800 2899 -0.71360
fp 0 99 0.27996
fp 100 199 0.16477
fp 200 299 0.01166
fp 300 399 0.05553
fp 400 499 -0.01460
fp 500 599 -0.00717
fp 600 699 -0.05821
fp 700 799 0.05574
fp 800 899 0.55115
fp 900 999 -0.19939
fp 1000 1099 0.38001
fp 1100 1199 -0.24986
fp 1200 1299 -0.18353
fp 1300 1399 0.26148
fp 1400 1499 0.40706
fp 1500 1599 0.01124
fp 1600 1699 -0.49601
fp 1700 1799 0.00431
fp 1800 1899 0.06594
fp 1900 1999 0.00899
fp 2000 2099 0.42368
fp 2100 2199 0.83982
fp 2200 2299 -0.21592
fp 2300 2399 0.35355
fp 2400 2499 0.28711
fp 2500 2599 0.56386
fp 2600 2699 -0.28631
fp 2700 2799 0.37975
fp 2800 2899 0.61707
fp 2900 2999 0.42959
fp 3000 3099 -0.07307
fp 3100 3199 -0.07872
fp 3200 3299 0.18838
fp 3300 3399 -0.06412
dm 0 99 -0.46166
dm 100 199 -0.58411
dm 200 299 -1.00000
dm 300 399 -0.01324
dm 400 499 -0.31049
dm 500 599 0.01214
dm 600 699 -0.03748
dm 700 799 -0.47059
dm 800 899 -0.37012
dm 900 999 -0.34632
dm 1000 1099 -0.46543
dm 1100 1199 -0.04411
dm 1200 1299 -0.20866
dm 1300 1399 -0.80421
dm 1400 1499 0.04594
dm 1500 1599 -0.21268
dm 1600 1699 -0.75390
dm 1700 1799 -0.78146
dm 1800 1899 -0.10117
dm 1900 1999 0.18100
sc 0 99 0.00000
sc 100 199 -0.07437
sc 200 299 0.23885
sc 300 399 0.36766
sc 400 499 0.02626
sc 500 599 0.55666
sc 600 699 0.29034
sc 700 799 0.10708
sc 800 899 -0.32155
sc 900 999 -0.19027
sc 1000 1099 0.00000
sc 1100 1199 0.00000
sc 1200 1299 0.00000
sc 1300 1399 -0.00243
sc 1400 1499 0.00000
sc 1500 1599 0.51649
sc 1600 1699 0.00601
sc 1700 1799 -0.21175
sc 1800 1899 -0.38124
sc 1900 1999 -0.52446
sc 2000 2099 0.55844
sc 2100 2199 0.46980
sc 2200 2299 0.85703
sc 2300 2399 0.61519
sc 2400 2499 0.00000
sc 2500 2599 0.11560
sc 2600 2699 0.84097
sc 2700 2799 -0.03586
sc 2800 2899 0.18396
sc 2900 2999 0.32252
sc 3000 3099 -0.09115
sc 3100 3199 0.04547
sc 3200 3299 -0.12955
sc 3300 3399 0.46187
sc 3400 3499 -0.17041
sc 3500 3599 -0.38869
sc 3600 3699 -0.57550
sc 3700 3799 0.72538
sc 3800 3899 -0.56572
sc 3900 3999 0.26564
sc 4000 4099 0.55424
sc 4100 4199 0.14484
sc 4200 4299 0.00000
sc 4300 4399 -0.05893
sc 4400 4499 -0.37441
sc 4500 4599 0.42450
sc 4600 4699 0.50198
sc 4700 4799 0.36135
sc 4800 4899 -0.49217
sc 4900 4999 -0.40410
sc 5000 5099 -0.23904
sc 5100 5199 0.03749
sc 5200 5299 -0.14624
sc 5300 5399 0.00000
sc 5400 5499 -0.22579
sc 5500 5599 0.09898
sc 5600 5699 -0.58339
sc 5700 5799 0.33671
sc 5800 5899 -0.15939
sc 5900 5999 0.18873
sc 6000 6099 0.04490
sc 6100 6199 0.32128
sc 6200 6299 0.46158
sc 6300 6399 0.00000
sc 6400 6499 0.00000
sc 6500 6599 0.02244
sc 6600 6699 0.41256
sc 6700 6799 -0.39829
sc 6800 6899 0.17603
sc 6900 6999 -0.44029
sc 7000 7099 0.40668
sc 7100 7199 0.00613
sc 7200 7299 0.00000
sc 7300 7399 0.04533
sc 7400 7499 0.03947
sc 7500 7599 0.08220
sc 7600 7699 -0.23744
sc 7700 7799 0.37807
sc 7800 7899 0.46466
sc 7900 7999 0.28391
sc 8000 8099 0.00659
sc 8100 8199 0.03059
sc 8200 8299 0.20450
sc 8300 8399 0.90320
sc 8400 8499 0.77729
sc 8500 8599 0.74460
sc 8600 8699 0.69648
sc 8700 8799 -0.00029
sc 8800 8899 0.00000
sc 8900 8999 0.02641
mt 0 99 -0.12471
mt 100 199 -0.11478
mt 200 299 -0.26943
mt 300 399 -0.18599
mt 400 499 0.14978
mt 500 599 -0.41805
mt 600 699 -0.29723
mt 700 799 -0.04745
mt 800 899 -0.16671
mt 900 999 -0.27477
mt 1000 1099 -0.24985
mt 1100 1199 -0.20087
mt 1200 1299 0.18180
mt 1300 1399 -0.34474
mt 1400 1499 -0.53189
mt 1500 1599 -0.06739
mt 1600 1699 0.04104
mt 1700 1799 0.26416
mt 1800 1899 0.78381
mt 1900 1999 0.16081
mt 2000 2099 -0.14856
mt 2100 2199 -0.17597
mt 2200 2299 -0.60522
mt 2300 2399 0.00681
mt 2400 2499 0.08782
mt 2500 2599 -0.18237
mt 2600 2699 0.15509
mt 2700 2799 -0.29644
mt 2800 2899 0.22173
mt 2900 2999 -0.30232
mt 3000 3099 -0.24641
mt 3100 3199 -0.21949
mt 3200 3299 -0.27094
mt 3300 3399 -0.37803
mt 3400 3499 -0.03605
mt 3500 3599 0.01011
mt 3600 3699 -0.37214
mt 3700 3799 -0.35406
mt 3800 3899 -0.09637
mt 3900 3999 0.05126
mt 4000 4099 -0.14923
mt 4100 4199 0.20313
mt 4200 4299 -0.14190
mt 4300 4399 -0.04088
mt 4400 4499 0.04734
mt 4500 4599 0.43596
mt 4600 4699 -0.31352
mt 4700 4799 -0.23358
mt 4800 4899 -0.08088
mt 4900 4999 -0.19453
v1 0 99 0.11011
v1 100 199 -0.11979
v1 200 299 0.24912
v1 300 399 -0.10416
v1 400 499 0.20113
v1 500 599 0.16384
v1 600 699 0.32078
v1 700 799 0.02559
v1 800 899 0.28180
v1 900 999 0.37689
v1 1000 1099 0.29464
v1 1100 1199 -0.00546
v1 1200 1299 -0.05224
v1 1300 1399 0.16981
v1 1400 1499 0.37210
v1 1500 1599 0.50349
v1 1600 1699 0.24609
v1 1700 1799 -0.12287
v2 0 99 -0.05362
v2 100 199 0.63201
v2 200 299 0.53448
v2 300 399 0.64537
v2 400 499 0.18595
v2 500 599 0.49487
v2 600 699 0.22876
v2 700 799 0.29181
v2 800 899 0.43338
va 0 99 0.44988
va 100 199 0.00962
va 200 299 0.47441
va 300 399 0.01495
va 400 499 0.79394
va 500 599 0.84777
va 600 699 0.61460
va 700 799 0.26791
va 800 899 0.27377
va 900 999 0.23376
va 1000 1099 0.79935
va 1100 1199 0.41151
va 1200 1299 0.84612
va 1300 1399 0.15745
va 1400 1499 0.39252
va 1500 1599 0.32723
va 1600 1699 0.49891
va 1700 1799 0.02509
