mf 0 99 0.80356
mf 100 199 -0.16554
mf 200 299 -0.44203
mf 300 399 -0.15384
mf 400 499 -0.40185
mf 500 599 0.23635
mf 600 699 0.15030
mf 700 799 0.49136
mf 800 899 -0.25630
mf 900 999 -0.23595
mf 1000 1099 -0.57684
mf 1100 1199 0.84600
mf 1200 1299 0.03556
mf 1300 1399 0.36754
mf 1400 1499 0.19046
mf 1500 1599 -0.49022
mf 1600 1699 0.11564
mf 1700 1799 0.31835
mf 1800 1899 0.56707
mf 1900 1999 -0.32003
mf 2000 2099 0.19269
mf 2100 2199 -0.37928
mf 2200 2299 -0.21493
mf 2300 2399 -0.44972
mf 2400 2499 -0.16746
mf 2500 2599 -0.08765
mf 2600 2699 -0.12326
mf 2700 2799 0.06456
mf 2800 2899 -0.64280
fp 0 99 0.62620
fp 100 199 0.48298
fp 200 299 0.01054
fp 300 399 0.09872
fp 400 499 0.00542
fp 500 599 0.03506
fp 600 699 0.02662
fp 700 799 0.15556
fp 800 899 0.89860
fp 900 999 0.25746
fp 1000 1099 0.13346
fp 1100 1199 -0.16498
fp 1200 1299 -0.26712
fp 1300 1399 0.34628
fp 1400 1499 0.50637
fp 1500 1599 0.00207
fp 1600 1699 -0.53776
fp 1700 1799 -0.02541
fp 1800 1899 0.05489
fp 1900 1999 0.00959
fp 2000 2099 0.23238
fp 2100 2199 0.97309
fp 2200 2299 -0.16549
fp 2300 2399 0.18489
fp 2400 2499 0.24804
fp 2500 2599 0.45269
fp 2600 2699 0.06525
fp 2700 2799 0.19260
fp 2800 2899 0.46607
fp 2900 2999 0.03660
fp 3000 3099 -0.01482
fp 3100 3199 -0.06769
fp 3200 3299 0.12581
fp 3300 3399 0.14955
dm 0 99 -0.42404
dm 100 199 -0.33322
dm 200 299 -0.96944
dm 300 399 -0.00638
dm 400 499 -0.20763
dm 500 599 0.01240
dm 600 699 0.11740
dm 700 799 -0.24964
dm 800 899 -0.19213
dm 900 999 -0.29173
dm 1000 1099 -0.44762
dm 1100 1199 -0.01016
dm 1200 1299 -0.30410
dm 1300 1399 -0.74100
dm 1400 1499 0.01783
dm 1500 1599 -0.33505
dm 1600 1699 -0.69475
dm 1700 1799 -0.77273
dm 1800 1899 -0.12128
dm 1900 1999 0.38562
sc 0 99 0.00000
sc 100 199 -0.05144
sc 200 299 0.51437
sc 300 399 0.33607
sc 400 499 0.08197
sc 500 599 0.40159
sc 600 699 0.22903
sc 700 799 0.02931
sc 800 899 -0.29058
sc 900 999 -0.07555
sc 1000 1099 0.00000
sc 1100 1199 0.00000
sc 1200 1299 0.00000
sc 1300 1399 -0.00328
sc 1400 1499 0.00000
sc 1500 1599 0.34116
sc 1600 1699 -0.02559
sc 1700 1799 -0.26017
sc 1800 1899 -0.32861
sc 1900 1999 -0.28554
sc 2000 2099 0.37200
sc 2100 2199 0.42441
sc 2200 2299 0.77727
sc 2300 2399 0.74672
sc 2400 2499 0.00000
sc 2500 2599 0.06993
sc 2600 2699 0.68149
sc 2700 2799 -0.07344
sc 2800 2899 0.10503
sc 2900 2999 0.17418
sc 3000 3099 -0.03114
sc 3100 3199 -0.03882
sc 3200 3299 -0.01253
sc 3300 3399 0.31277
sc 3400 3499 -0.19821
sc 3500 3599 -0.36743
sc 3600 3699 -0.55741
sc 3700 3799 0.78595
sc 3800 3899 -0.47759
sc 3900 3999 0.27255
sc 4000 4099 0.43064
sc 4100 4199 0.07734
sc 4200 4299 0.00000
sc 4300 4399 -0.29853
sc 4400 4499 -0.36117
sc 4500 4599 0.47546
sc 4600 4699 0.37170
sc 4700 4799 0.35938
sc 4800 4899 -0.56448
sc 4900 4999 -0.36002
sc 5000 5099 -0.17786
sc 5100 5199 0.13598
sc 5200 5299 -0.22016
sc 5300 5399 0.00000
sc 5400 5499 -0.19431
sc 5500 5599 -0.01396
sc 5600 5699 -0.60759
sc 5700 5799 0.36543
sc 5800 5899 -0.33194
sc 5900 5999 0.11517
sc 6000 6099 0.00076
sc 6100 6199 0.30756
sc 6200 6299 0.35793
sc 6300 6399 0.00000
sc 6400 6499 0.00000
sc 6500 6599 0.01394
sc 6600 6699 0.26402
sc 6700 6799 -0.31650
sc 6800 6899 0.11997
sc 6900 6999 -0.54671
sc 7000 7099 0.35326
sc 7100 7199 -0.08623
sc 7200 7299 0.00000
sc 7300 7399 0.01177
sc 7400 7499 0.03300
sc 7500 7599 0.13603
sc 7600 7699 -0.20635
sc 7700 7799 0.60261
sc 7800 7899 0.47031
sc 7900 7999 0.18798
sc 8000 8099 0.00336
sc 8100 8199 0.12126
sc 8200 8299 0.49299
sc 8300 8399 1.00000
sc 8400 8499 0.83637
sc 8500 8599 0.45810
sc 8600 8699 0.59401
sc 8700 8799 0.03488
sc 8800 8899 0.00424
sc 8900 8999 0.03308
mt 0 99 -0.28301
mt 100 199 -0.12223
mt 200 299 -0.40751
mt 300 399 -0.02986
mt 400 499 0.17227
mt 500 599 -0.43684
mt 600 699 -0.36087
mt 700 799 -0.15544
mt 800 899 -0.16921
mt 900 999 -0.41421
mt 1000 1099 -0.14165
mt 1100 1199 -0.22874
mt 1200 1299 -0.07196
mt 1300 1399 -0.22750
mt 1400 1499 -0.62616
mt 1500 1599 -0.31131
mt 1600 1699 -0.26504
mt 1700 1799 -0.07406
mt 1800 1899 0.38491
mt 1900 1999 -0.20722
mt 2000 2099 -0.16881
mt 2100 2199 -0.25987
mt 2200 2299 -0.67675
mt 2300 2399 -0.20989
mt 2400 2499 0.00000
mt 2500 2599 -0.40193
mt 2600 2699 0.27486
mt 2700 2799 -0.53034
mt 2800 2899 -0.34778
mt 2900 2999 -0.39235
mt 3000 3099 -0.28975
mt 3100 3199 -0.38985
mt 3200 3299 -0.33719
mt 3300 3399 -0.37680
mt 3400 3499 0.02301
mt 3500 3599 0.01205
mt 3600 3699 -0.41202
mt 3700 3799 -0.35911
mt 3800 3899 -0.20779
mt 3900 3999 -0.04716
mt 4000 4099 -0.41635
mt 4100 4199 -0.16490
mt 4200 4299 0.03003
mt 4300 4399 -0.44335
mt 4400 4499 0.01844
mt 4500 4599 -0.05744
mt 4600 4699 -0.38415
mt 4700 4799 -0.41567
mt 4800 4899 -0.13261
mt 4900 4999 -0.43681
v1 0 99 0.14842
v1 100 199 -0.00836
v1 200 299 0.39635
v1 300 399 -0.02349
v1 400 499 0.42556
v1 500 599 0.28036
v1 600 699 0.52562
v1 700 799 0.16218
v1 800 899 0.31788
v1 900 999 0.56392
v1 1000 1099 0.57259
v1 1100 1199 0.21019
v1 1200 1299 0.21895
v1 1300 1399 0.35123
v1 1400 1499 0.58651
v1 1500 1599 0.72439
v1 1600 1699 0.22991
v1 1700 1799 -0.02467
v2 0 99 -0.02809
v2 100 199 0.43436
v2 200 299 0.60704
v2 300 399 0.47020
v2 400 499 0.21679
v2 500 599 0.49295
v2 600 699 0.35356
v2 700 799 0.36318
v2 800 899 0.38580
va 0 99 0.47015
va 100 199 -0.00352
va 200 299 0.20977
va 300 399 0.00000
va 400 499 0.61311
va 500 599 0.89822
va 600 699 0.45790
va 700 799 -0.06565
va 800 899 0.04619
va 900 999 0.22998
va 1000 1099 0.89504
va 1100 1199 0.72900
va 1200 1299 0.78480
va 1300 1399 -0.03998
va 1400 1499 0.42174
va 1500 1599 0.18119
va 1600 1699 0.32924
va 1700 1799 0.02160
