mf 0 99 1
mf 100 199 2
mf 200 299 11
mf 300 399 14
mf 400 499 6
mf 500 599 11
mf 600 699 0
mf 700 799 0
mf 800 899 5
mf 900 999 9
mf 1000 1099 18
mf 1100 1199 5
mf 1200 1299 0
mf 1300 1399 1
mf 1400 1499 2
mf 1500 1599 15
mf 1600 1699 7
mf 1700 1799 0
mf 1800 1899 0
mf 1900 1999 10
mf 2000 2099 0
mf 2100 2199 37
mf 2200 2299 9
mf 2300 2399 22
mf 2400 2499 27
mf 2500 2599 1
mf 2600 2699 0
mf 2700 2799 0
mf 2800 2899 11
fp 0 99 7
fp 100 199 2
fp 200 299 6
fp 300 399 0
fp 400 499 3
fp 500 599 1
fp 600 699 7
fp 700 799 10
fp 800 899 5
fp 900 999 5
fp 1000 1099 3
fp 1100 1199 0
fp 1200 1299 10
fp 1300 1399 4
fp 1400 1499 3
fp 1500 1599 2
fp 1600 1699 8
fp 1700 1799 1
fp 1800 1899 7
fp 1900 1999 7
fp 2000 2099 12
fp 2100 2199 4
fp 2200 2299 6
fp 2300 2399 8
fp 2400 2499 1
fp 2500 2599 4
fp 2600 2699 0
fp 2700 2799 1
fp 2800 2899 4
fp 2900 2999 6
fp 3000 3099 1
fp 3100 3199 1
fp 3200 3299 8
fp 3300 3399 0
dm 0 99 24
dm 100 199 16
dm 200 299 14
dm 300 399 1
dm 400 499 0
dm 500 599 3
dm 600 699 0
dm 700 799 12
dm 800 899 2
dm 900 999 5
dm 1000 1099 2
dm 1100 1199 0
dm 1200 1299 0
dm 1300 1399 9
dm 1400 1499 0
dm 1500 1599 13
dm 1600 1699 10
dm 1700 1799 13
dm 1800 1899 7
dm 1900 1999 0
sc 0 99 12
sc 100 199 8
sc 200 299 1
sc 300 399 8
sc 400 499 0
sc 500 599 2
sc 600 699 0
sc 700 799 0
sc 800 899 7
sc 900 999 8
sc 1000 1099 0
sc 1100 1199 0
sc 1200 1299 7
sc 1300 1399 9
sc 1400 1499 0
sc 1500 1599 0
sc 1600 1699 0
sc 1700 1799 5
sc 1800 1899 0
sc 1900 1999 2
sc 2000 2099 5
sc 2100 2199 0
sc 2200 2299 6
sc 2300 2399 0
sc 2400 2499 0
sc 2500 2599 2
sc 2600 2699 8
sc 2700 2799 0
sc 2800 2899 3
sc 2900 2999 0
sc 3000 3099 3
sc 3100 3199 0
sc 3200 3299 0
sc 3300 3399 13
sc 3400 3499 0
sc 3500 3599 0
sc 3600 3699 7
sc 3700 3799 13
sc 3800 3899 0
sc 3900 3999 1
sc 4000 4099 5
sc 4100 4199 0
sc 4200 4299 3
sc 4300 4399 0
sc 4400 4499 0
sc 4500 4599 1
sc 4600 4699 3
sc 4700 4799 1
sc 4800 4899 0
sc 4900 4999 1
sc 5000 5099 0
sc 5100 5199 0
sc 5200 5299 0
sc 5300 5399 1
sc 5400 5499 0
sc 5500 5599 0
sc 5600 5699 3
sc 5700 5799 0
sc 5800 5899 0
sc 5900 5999 1
sc 6000 6099 5
sc 6100 6199 0
sc 6200 6299 0
sc 6300 6399 7
sc 6400 6499 0
sc 6500 6599 1
sc 6600 6699 0
sc 6700 6799 1
sc 6800 6899 2
sc 6900 6999 4
sc 7000 7099 0
sc 7100 7199 1
sc 7200 7299 0
sc 7300 7399 0
sc 7400 7499 1
sc 7500 7599 0
sc 7600 7699 8
sc 7700 7799 6
sc 7800 7899 3
sc 7900 7999 0
sc 8000 8099 1
sc 8100 8199 1
sc 8200 8299 2
sc 8300 8399 2
sc 8400 8499 0
sc 8500 8599 4
sc 8600 8699 8
sc 8700 8799 0
sc 8800 8899 3
sc 8900 8999 3
mt 0 99 0
mt 100 199 11
mt 200 299 21
mt 300 399 0
mt 400 499 0
mt 500 599 8
mt 600 699 12
mt 700 799 0
mt 800 899 3
mt 900 999 15
mt 1000 1099 0
mt 1100 1199 12
mt 1200 1299 2
mt 1300 1399 1
mt 1400 1499 0
mt 1500 1599 0
mt 1600 1699 1
mt 1700 1799 1
mt 1800 1899 2
mt 1900 1999 1
mt 2000 2099 1
mt 2100 2199 0
mt 2200 2299 0
mt 2300 2399 3
mt 2400 2499 0
mt 2500 2599 0
mt 2600 2699 0
mt 2700 2799 0
mt 2800 2899 4
mt 2900 2999 14
mt 3000 3099 2
mt 3100 3199 16
mt 3200 3299 0
mt 3300 3399 0
mt 3400 3499 0
mt 3500 3599 4
mt 3600 3699 22
mt 3700 3799 9
mt 3800 3899 0
mt 3900 3999 8
mt 4000 4099 0
mt 4100 4199 0
mt 4200 4299 0
mt 4300 4399 0
mt 4400 4499 0
mt 4500 4599 0
mt 4600 4699 0
mt 4700 4799 0
mt 4800 4899 1
mt 4900 4999 0
v1 0 99 0
v1 100 199 0
v1 200 299 0
v1 300 399 0
v1 400 499 0
v1 500 599 0
v1 600 699 0
v1 700 799 0
v1 800 899 0
v1 900 999 1
v1 1000 1099 0
v1 1100 1199 0
v1 1200 1299 0
v1 1300 1399 0
v1 1400 1499 0
v1 1500 1599 0
v1 1600 1699 0
v1 1700 1799 0
v2 0 99 6
v2 100 199 0
v2 200 299 0
v2 300 399 0
v2 400 499 0
v2 500 599 0
v2 600 699 0
v2 700 799 0
v2 800 899 0
va 0 99 0
va 100 199 2
va 200 299 1
va 300 399 1
va 400 499 8
va 500 599 3
va 600 699 0
va 700 799 0
va 800 899 0
va 900 999 0
va 1000 1099 0
va 1100 1199 0
va 1200 1299 0
va 1300 1399 1
va 1400 1499 0
va 1500 1599 1
va 1600 1699 0
va 1700 1799 0
