mf 0 99 6
mf 100 199 10
mf 200 299 15
mf 300 399 33
mf 400 499 15
mf 500 599 35
mf 600 699 0
mf 700 799 6
mf 800 899 15
mf 900 999 12
mf 1000 1099 26
mf 1100 1199 6
mf 1200 1299 0
mf 1300 1399 10
mf 1400 1499 13
mf 1500 1599 27
mf 1600 1699 15
mf 1700 1799 0
mf 1800 1899 2
mf 1900 1999 24
mf 2000 2099 1
mf 2100 2199 49
mf 2200 2299 29
mf 2300 2399 30
mf 2400 2499 39
mf 2500 2599 2
mf 2600 2699 2
mf 2700 2799 0
mf 2800 2899 10
fp 0 99 9
fp 100 199 15
fp 200 299 6
fp 300 399 0
fp 400 499 1
fp 500 599 1
fp 600 699 11
fp 700 799 18
fp 800 899 9
fp 900 999 18
fp 1000 1099 6
fp 1100 1199 0
fp 1200 1299 11
fp 1300 1399 20
fp 1400 1499 14
fp 1500 1599 1
fp 1600 1699 9
fp 1700 1799 4
fp 1800 1899 15
fp 1900 1999 16
fp 2000 2099 21
fp 2100 2199 4
fp 2200 2299 16
fp 2300 2399 15
fp 2400 2499 4
fp 2500 2599 5
fp 2600 2699 0
fp 2700 2799 2
fp 2800 2899 6
fp 2900 2999 10
fp 3000 3099 5
fp 3100 3199 8
fp 3200 3299 14
fp 3300 3399 0
dm 0 99 30
dm 100 199 15
dm 200 299 12
dm 300 399 1
dm 400 499 0
dm 500 599 2
dm 600 699 0
dm 700 799 7
dm 800 899 0
dm 900 999 19
dm 1000 1099 3
dm 1100 1199 0
dm 1200 1299 0
dm 1300 1399 7
dm 1400 1499 0
dm 1500 1599 21
dm 1600 1699 9
dm 1700 1799 11
dm 1800 1899 15
dm 1900 1999 0
sc 0 99 12
sc 100 199 29
sc 200 299 7
sc 300 399 18
sc 400 499 0
sc 500 599 10
sc 600 699 2
sc 700 799 9
sc 800 899 10
sc 900 999 21
sc 1000 1099 0
sc 1100 1199 0
sc 1200 1299 8
sc 1300 1399 12
sc 1400 1499 0
sc 1500 1599 1
sc 1600 1699 0
sc 1700 1799 19
sc 1800 1899 0
sc 1900 1999 8
sc 2000 2099 10
sc 2100 2199 10
sc 2200 2299 11
sc 2300 2399 3
sc 2400 2499 0
sc 2500 2599 6
sc 2600 2699 14
sc 2700 2799 1
sc 2800 2899 10
sc 2900 2999 0
sc 3000 3099 13
sc 3100 3199 0
sc 3200 3299 1
sc 3300 3399 18
sc 3400 3499 0
sc 3500 3599 0
sc 3600 3699 24
sc 3700 3799 10
sc 3800 3899 1
sc 3900 3999 5
sc 4000 4099 11
sc 4100 4199 1
sc 4200 4299 6
sc 4300 4399 0
sc 4400 4499 2
sc 4500 4599 11
sc 4600 4699 20
sc 4700 4799 11
sc 4800 4899 1
sc 4900 4999 8
sc 5000 5099 0
sc 5100 5199 0
sc 5200 5299 4
sc 5300 5399 1
sc 5400 5499 1
sc 5500 5599 0
sc 5600 5699 4
sc 5700 5799 0
sc 5800 5899 0
sc 5900 5999 3
sc 6000 6099 15
sc 6100 6199 0
sc 6200 6299 0
sc 6300 6399 11
sc 6400 6499 0
sc 6500 6599 0
sc 6600 6699 2
sc 6700 6799 5
sc 6800 6899 9
sc 6900 6999 5
sc 7000 7099 0
sc 7100 7199 3
sc 7200 7299 0
sc 7300 7399 10
sc 7400 7499 0
sc 7500 7599 2
sc 7600 7699 10
sc 7700 7799 22
sc 7800 7899 17
sc 7900 7999 7
sc 8000 8099 0
sc 8100 8199 1
sc 8200 8299 9
sc 8300 8399 22
sc 8400 8499 16
sc 8500 8599 5
sc 8600 8699 38
sc 8700 8799 0
sc 8800 8899 1
sc 8900 8999 3
mt 0 99 0
mt 100 199 12
mt 200 299 28
mt 300 399 0
mt 400 499 2
mt 500 599 14
mt 600 699 23
mt 700 799 6
mt 800 899 12
mt 900 999 20
mt 1000 1099 3
mt 1100 1199 29
mt 1200 1299 9
mt 1300 1399 1
mt 1400 1499 0
mt 1500 1599 1
mt 1600 1699 7
mt 1700 1799 10
mt 1800 1899 4
mt 1900 1999 1
mt 2000 2099 9
mt 2100 2199 1
mt 2200 2299 0
mt 2300 2399 10
mt 2400 2499 11
mt 2500 2599 0
mt 2600 2699 4
mt 2700 2799 0
mt 2800 2899 9
mt 2900 2999 19
mt 3000 3099 4
mt 3100 3199 25
mt 3200 3299 1
mt 3300 3399 0
mt 3400 3499 0
mt 3500 3599 1
mt 3600 3699 30
mt 3700 3799 16
mt 3800 3899 2
mt 3900 3999 17
mt 4000 4099 0
mt 4100 4199 1
mt 4200 4299 0
mt 4300 4399 0
mt 4400 4499 13
mt 4500 4599 1
mt 4600 4699 0
mt 4700 4799 2
mt 4800 4899 8
mt 4900 4999 1
v1 0 99 0
v1 100 199 5
v1 200 299 0
v1 300 399 0
v1 400 499 0
v1 500 599 0
v1 600 699 1
v1 700 799 0
v1 800 899 0
v1 900 999 2
v1 1000 1099 0
v1 1100 1199 0
v1 1200 1299 0
v1 1300 1399 0
v1 1400 1499 0
v1 1500 1599 6
v1 1600 1699 0
v1 1700 1799 0
v2 0 99 9
v2 100 199 12
v2 200 299 4
v2 300 399 6
v2 400 499 4
v2 500 599 5
v2 600 699 4
v2 700 799 4
v2 800 899 1
va 0 99 2
va 100 199 13
va 200 299 3
va 300 399 0
va 400 499 8
va 500 599 2
va 600 699 1
va 700 799 5
va 800 899 0
va 900 999 1
va 1000 1099 9
va 1100 1199 2
va 1200 1299 2
va 1300 1399 6
va 1400 1499 7
va 1500 1599 9
va 1600 1699 6
va 1700 1799 4
