mf 0 99 0.80008
mf 100 199 -0.19889
mf 200 299 -0.37134
mf 300 399 -0.24757
mf 400 499 -0.31642
mf 500 599 0.00000
mf 600 699 0.00000
mf 700 799 0.65949
mf 800 899 -0.29643
mf 900 999 -0.19369
mf 1000 1099 -0.46576
mf 1100 1199 0.75900
mf 1200 1299 -0.00000
mf 1300 1399 0.26227
mf 1400 1499 0.19947
mf 1500 1599 -0.42487
mf 1600 1699 0.00000
mf 1700 1799 0.25733
mf 1800 1899 0.41287
mf 1900 1999 -0.30080
mf 2000 2099 0.00000
mf 2100 2199 -0.42540
mf 2200 2299 -0.31523
mf 2300 2399 -0.50261
mf 2400 2499 -0.24327
mf 2500 2599 -0.00000
mf 2600 2699 -0.22027
mf 2700 2799 -0.00000
mf 2800 2899 -0.60558
fp 0 99 0.51410
fp 100 199 0.59111
fp 200 299 0.00000
fp 300 399 0.00000
fp 400 499 -0.00000
fp 500 599 -0.00000
fp 600 699 -0.00000
fp 700 799 0.00000
fp 800 899 0.85628
fp 900 999 0.00000
fp 1000 1099 0.00000
fp 1100 1199 -0.31203
fp 1200 1299 -0.29389
fp 1300 1399 0.34012
fp 1400 1499 0.51612
fp 1500 1599 0.00000
fp 1600 1699 -0.45320
fp 1700 1799 -0.00000
fp 1800 1899 -0.00000
fp 1900 1999 -0.00000
fp 2000 2099 0.20228
fp 2100 2199 1.00000
fp 2200 2299 -0.18265
fp 2300 2399 0.00000
fp 2400 2499 0.00000
fp 2500 2599 0.49722
fp 2600 2699 -0.00000
fp 2700 2799 0.19733
fp 2800 2899 0.42325
fp 2900 2999 -0.00000
fp 3000 3099 -0.18455
fp 3100 3199 -0.00000
fp 3200 3299 0.00000
fp 3300 3399 0.00000
dm 0 99 -0.49964
dm 100 199 -0.34840
dm 200 299 -0.75409
dm 300 399 0.00000
dm 400 499 -0.27506
dm 500 599 -0.00000
dm 600 699 -0.00000
dm 700 799 -0.41410
dm 800 899 -0.31394
dm 900 999 -0.26942
dm 1000 1099 -0.52834
dm 1100 1199 0.00000
dm 1200 1299 -0.50172
dm 1300 1399 -0.58481
dm 1400 1499 -0.00000
dm 1500 1599 -0.41040
dm 1600 1699 -0.58987
dm 1700 1799 -0.64197
dm 1800 1899 -0.22108
dm 1900 1999 0.31336
sc 0 99 -0.19843
sc 100 199 -0.00000
sc 200 299 0.48521
sc 300 399 0.26524
sc 400 499 0.00000
sc 500 599 0.30618
sc 600 699 0.00000
sc 700 799 0.00000
sc 800 899 -0.27965
sc 900 999 -0.00000
sc 1000 1099 -0.00000
sc 1100 1199 -0.00000
sc 1200 1299 -0.22004
sc 1300 1399 -0.00000
sc 1400 1499 -0.00000
sc 1500 1599 0.34634
sc 1600 1699 -0.00000
sc 1700 1799 -0.32149
sc 1800 1899 -0.32204
sc 1900 1999 -0.37367
sc 2000 2099 0.37599
sc 2100 2199 0.37359
sc 2200 2299 0.69473
sc 2300 2399 0.66732
sc 2400 2499 -0.00000
sc 2500 2599 0.00000
sc 2600 2699 0.65565
sc 2700 2799 -0.00000
sc 2800 2899 0.00000
sc 2900 2999 0.00000
sc 3000 3099 -0.00000
sc 3100 3199 -0.00000
sc 3200 3299 -0.00000
sc 3300 3399 0.25142
sc 3400 3499 -0.24934
sc 3500 3599 -0.29194
sc 3600 3699 -0.53437
sc 3700 3799 0.78143
sc 3800 3899 -0.44318
sc 3900 3999 0.17940
sc 4000 4099 0.48326
sc 4100 4199 0.00000
sc 4200 4299 0.00000
sc 4300 4399 -0.36728
sc 4400 4499 -0.39204
sc 4500 4599 0.31642
sc 4600 4699 0.21118
sc 4700 4799 0.22732
sc 4800 4899 -0.69232
sc 4900 4999 -0.34326
sc 5000 5099 -0.20305
sc 5100 5199 0.00000
sc 5200 5299 -0.38580
sc 5300 5399 0.00000
sc 5400 5499 -0.28867
sc 5500 5599 -0.00000
sc 5600 5699 -0.71176
sc 5700 5799 0.36749
sc 5800 5899 -0.39396
sc 5900 5999 0.00000
sc 6000 6099 -0.00000
sc 6100 6199 0.33142
sc 6200 6299 0.32250
sc 6300 6399 0.00000
sc 6400 6499 -0.00000
sc 6500 6599 0.00000
sc 6600 6699 0.18133
sc 6700 6799 -0.35344
sc 6800 6899 0.00000
sc 6900 6999 -0.56625
sc 7000 7099 0.32891
sc 7100 7199 -0.23131
sc 7200 7299 0.00000
sc 7300 7399 0.00000
sc 7400 7499 0.00000
sc 7500 7599 0.00000
sc 7600 7699 -0.22647
sc 7700 7799 0.38482
sc 7800 7899 0.37192
sc 7900 7999 0.18346
sc 8000 8099 -0.00000
sc 8100 8199 0.00000
sc 8200 8299 0.38457
sc 8300 8399 0.71737
sc 8400 8499 0.56550
sc 8500 8599 0.38617
sc 8600 8699 0.35122
sc 8700 8799 0.00000
sc 8800 8899 0.00000
sc 8900 8999 0.00000
mt 0 99 -0.47391
mt 100 199 -0.00000
mt 200 299 -0.29393
mt 300 399 -0.00000
mt 400 499 0.00000
mt 500 599 -0.43333
mt 600 699 -0.29065
mt 700 799 -0.31180
mt 800 899 -0.27131
mt 900 999 -0.36830
mt 1000 1099 -0.00000
mt 1100 1199 -0.21255
mt 1200 1299 -0.00000
mt 1300 1399 -0.31085
mt 1400 1499 -0.58739
mt 1500 1599 -0.41223
mt 1600 1699 -0.35322
mt 1700 1799 -0.18828
mt 1800 1899 0.30500
mt 1900 1999 -0.39528
mt 2000 2099 -0.32819
mt 2100 2199 -0.43821
mt 2200 2299 -0.61616
mt 2300 2399 -0.36548
mt 2400 2499 -0.00000
mt 2500 2599 -0.53244
mt 2600 2699 0.23677
mt 2700 2799 -0.64254
mt 2800 2899 -0.50906
mt 2900 2999 -0.28425
mt 3000 3099 -0.31336
mt 3100 3199 -0.29047
mt 3200 3299 -0.50858
mt 3300 3399 -0.51075
mt 3400 3499 -0.00000
mt 3500 3599 0.00000
mt 3600 3699 -0.30693
mt 3700 3799 -0.35435
mt 3800 3899 -0.34075
mt 3900 3999 -0.00000
mt 4000 4099 -0.65129
mt 4100 4199 -0.28243
mt 4200 4299 0.00000
mt 4300 4399 -0.62564
mt 4400 4499 -0.00000
mt 4500 4599 -0.20334
mt 4600 4699 -0.45458
mt 4700 4799 -0.52346
mt 4800 4899 -0.21300
mt 4900 4999 -0.50052
v1 0 99 0.18552
v1 100 199 -0.00000
v1 200 299 0.38195
v1 300 399 -0.00000
v1 400 499 0.31185
v1 500 599 0.20731
v1 600 699 0.49236
v1 700 799 0.00000
v1 800 899 0.34879
v1 900 999 0.48316
v1 1000 1099 0.45095
v1 1100 1199 0.00000
v1 1200 1299 0.00000
v1 1300 1399 0.28589
v1 1400 1499 0.60610
v1 1500 1599 0.77980
v1 1600 1699 0.00000
v1 1700 1799 -0.00000
v2 0 99 -0.00000
v2 100 199 0.34598
v2 200 299 0.54031
v2 300 399 0.38819
v2 400 499 0.00000
v2 500 599 0.48903
v2 600 699 0.27513
v2 700 799 0.31087
v2 800 899 0.36250
va 0 99 0.39148
va 100 199 -0.00000
va 200 299 0.18725
va 300 399 -0.00000
va 400 499 0.53980
va 500 599 0.92995
va 600 699 0.41528
va 700 799 -0.18436
va 800 899 -0.00000
va 900 999 0.00000
va 1000 1099 0.91685
va 1100 1199 0.65326
va 1200 1299 0.77466
va 1300 1399 -0.00000
va 1400 1499 0.38562
va 1500 1599 0.19678
va 1600 1699 0.27277
va 1700 1799 -0.00000
