mf 0 99 0.85347
mf 100 199 -0.00000
mf 200 299 -0.38822
mf 300 399 -0.50581
mf 400 499 -0.40021
mf 500 599 -0.33288
mf 600 699 -0.00000
mf 700 799 0.58819
mf 800 899 -0.45665
mf 900 999 -0.34155
mf 1000 1099 -0.43915
mf 1100 1199 0.88794
mf 1200 1299 -0.23163
mf 1300 1399 -0.24107
mf 1400 1499 0.00000
mf 1500 1599 -0.42413
mf 1600 1699 -0.00000
mf 1700 1799 0.23530
mf 1800 1899 0.00000
mf 1900 1999 -0.28867
mf 2000 2099 0.00000
mf 2100 2199 -0.49036
mf 2200 2299 -0.31350
mf 2300 2399 -0.65764
mf 2400 2499 -0.22264
mf 2500 2599 -0.27312
mf 2600 2699 -0.26013
mf 2700 2799 0.00000
mf 2800 2899 -0.78355
fp 0 99 0.21859
fp 100 199 0.00000
fp 200 299 0.00000
fp 300 399 0.00000
fp 400 499 -0.18642
fp 500 599 -0.00000
fp 600 699 -0.00000
fp 700 799 0.00000
fp 800 899 0.57449
fp 900 999 -0.34247
fp 1000 1099 0.38886
fp 1100 1199 -0.47561
fp 1200 1299 -0.27947
fp 1300 1399 0.29297
fp 1400 1499 0.51133
fp 1500 1599 0.00000
fp 1600 1699 -0.59646
fp 1700 1799 -0.00000
fp 1800 1899 -0.00000
fp 1900 1999 -0.00000
fp 2000 2099 0.41540
fp 2100 2199 0.97518
fp 2200 2299 -0.33260
fp 2300 2399 0.32384
fp 2400 2499 0.22765
fp 2500 2599 0.69006
fp 2600 2699 -0.40632
fp 2700 2799 0.47714
fp 2800 2899 0.70424
fp 2900 2999 0.51381
fp 3000 3099 -0.24685
fp 3100 3199 -0.22988
fp 3200 3299 0.20227
fp 3300 3399 -0.23095
dm 0 99 -0.61859
dm 100 199 -0.68258
dm 200 299 -1.00000
dm 300 399 -0.00000
dm 400 499 -0.45070
dm 500 599 -0.00000
dm 600 699 -0.00000
dm 700 799 -0.65279
dm 800 899 -0.56119
dm 900 999 -0.45692
dm 1000 1099 -0.65475
dm 1100 1199 -0.00000
dm 1200 1299 -0.37176
dm 1300 1399 -0.79805
dm 1400 1499 0.00000
dm 1500 1599 -0.38151
dm 1600 1699 -0.75539
dm 1700 1799 -0.86811
dm 1800 1899 -0.22519
dm 1900 1999 0.00000
sc 0 99 -0.20883
sc 100 199 -0.18580
sc 200 299 0.34946
sc 300 399 0.36350
sc 400 499 -0.00000
sc 500 599 0.55951
sc 600 699 0.31756
sc 700 799 0.00000
sc 800 899 -0.39034
sc 900 999 -0.27336
sc 1000 1099 -0.00000
sc 1100 1199 -0.00000
sc 1200 1299 -0.19497
sc 1300 1399 -0.00000
sc 1400 1499 -0.00000
sc 1500 1599 0.63977
sc 1600 1699 0.00000
sc 1700 1799 -0.27845
sc 1800 1899 -0.50476
sc 1900 1999 -0.71225
sc 2000 2099 0.70218
sc 2100 2199 0.49893
sc 2200 2299 0.91105
sc 2300 2399 0.67457
sc 2400 2499 -0.00000
sc 2500 2599 0.00000
sc 2600 2699 0.92909
sc 2700 2799 -0.00000
sc 2800 2899 0.00000
sc 2900 2999 0.31184
sc 3000 3099 -0.00000
sc 3100 3199 -0.00000
sc 3200 3299 -0.26885
sc 3300 3399 0.47620
sc 3400 3499 -0.29408
sc 3500 3599 -0.46151
sc 3600 3699 -0.71319
sc 3700 3799 0.85998
sc 3800 3899 -0.63627
sc 3900 3999 0.19995
sc 4000 4099 0.68444
sc 4100 4199 0.00000
sc 4200 4299 0.00000
sc 4300 4399 -0.00000
sc 4400 4499 -0.49043
sc 4500 4599 0.41058
sc 4600 4699 0.41644
sc 4700 4799 0.37051
sc 4800 4899 -0.71320
sc 4900 4999 -0.44752
sc 5000 5099 -0.31787
sc 5100 5199 0.00000
sc 5200 5299 -0.27786
sc 5300 5399 -0.00000
sc 5400 5499 -0.33570
sc 5500 5599 0.00000
sc 5600 5699 -0.80726
sc 5700 5799 0.36463
sc 5800 5899 -0.29953
sc 5900 5999 0.22741
sc 6000 6099 0.00000
sc 6100 6199 0.34702
sc 6200 6299 0.47920
sc 6300 6399 0.00000
sc 6400 6499 -0.00000
sc 6500 6599 0.00000
sc 6600 6699 0.37652
sc 6700 6799 -0.53277
sc 6800 6899 0.00000
sc 6900 6999 -0.57900
sc 7000 7099 0.47843
sc 7100 7199 -0.00000
sc 7200 7299 0.00000
sc 7300 7399 0.00000
sc 7400 7499 0.24872
sc 7500 7599 0.00000
sc 7600 7699 -0.36009
sc 7700 7799 0.32288
sc 7800 7899 0.45858
sc 7900 7999 0.28678
sc 8000 8099 0.00000
sc 8100 8199 0.00000
sc 8200 8299 0.43838
sc 8300 8399 0.76570
sc 8400 8499 0.68686
sc 8500 8599 0.91221
sc 8600 8699 0.59094
sc 8700 8799 0.00000
sc 8800 8899 0.00000
sc 8900 8999 -0.00000
mt 0 99 -0.34127
mt 100 199 -0.22107
mt 200 299 -0.30250
mt 300 399 -0.39642
mt 400 499 0.00000
mt 500 599 -0.57156
mt 600 699 -0.31147
mt 700 799 -0.00000
mt 800 899 -0.30790
mt 900 999 -0.37373
mt 1000 1099 -0.43318
mt 1100 1199 -0.30653
mt 1200 1299 0.00000
mt 1300 1399 -0.49941
mt 1400 1499 -0.60850
mt 1500 1599 -0.00000
mt 1600 1699 -0.00000
mt 1700 1799 0.21578
mt 1800 1899 0.79739
mt 1900 1999 0.00000
mt 2000 2099 -0.35507
mt 2100 2199 -0.36406
mt 2200 2299 -0.64638
mt 2300 2399 -0.00000
mt 2400 2499 0.00000
mt 2500 2599 -0.33348
mt 2600 2699 0.00000
mt 2700 2799 -0.53221
mt 2800 2899 0.23884
mt 2900 2999 -0.31576
mt 3000 3099 -0.39147
mt 3100 3199 -0.33404
mt 3200 3299 -0.48389
mt 3300 3399 -0.56227
mt 3400 3499 -0.00000
mt 3500 3599 0.00000
mt 3600 3699 -0.31407
mt 3700 3799 -0.40548
mt 3800 3899 -0.22391
mt 3900 3999 0.00000
mt 4000 4099 -0.32190
mt 4100 4199 0.00000
mt 4200 4299 -0.30481
mt 4300 4399 -0.20505
mt 4400 4499 -0.00000
mt 4500 4599 0.47996
mt 4600 4699 -0.44938
mt 4700 4799 -0.37160
mt 4800 4899 -0.00000
mt 4900 4999 -0.30778
v1 0 99 0.00000
v1 100 199 -0.21884
v1 200 299 0.23335
v1 300 399 -0.26607
v1 400 499 0.00000
v1 500 599 0.00000
v1 600 699 0.27889
v1 700 799 -0.00000
v1 800 899 0.30120
v1 900 999 0.36041
v1 1000 1099 0.21441
v1 1100 1199 -0.00000
v1 1200 1299 -0.18669
v1 1300 1399 0.00000
v1 1400 1499 0.30514
v1 1500 1599 0.61362
v1 1600 1699 0.00000
v1 1700 1799 -0.22194
v2 0 99 -0.38685
v2 100 199 0.54911
v2 200 299 0.58790
v2 300 399 0.67930
v2 400 499 0.00000
v2 500 599 0.51095
v2 600 699 0.00000
v2 700 799 0.21944
v2 800 899 0.48181
va 0 99 0.39943
va 100 199 0.00000
va 200 299 0.57753
va 300 399 0.00000
va 400 499 0.84002
va 500 599 0.96607
va 600 699 0.62266
va 700 799 0.26808
va 800 899 0.28862
va 900 999 0.19201
va 1000 1099 0.94875
va 1100 1199 0.38523
va 1200 1299 0.96379
va 1300 1399 0.00000
va 1400 1499 0.38119
va 1500 1599 0.40969
va 1600 1699 0.46863
va 1700 1799 -0.00000
