mf 0 99 0
mf 100 199 6
mf 200 299 8
mf 300 399 46
mf 400 499 2
mf 500 599 36
mf 600 699 1
mf 700 799 3
mf 800 899 13
mf 900 999 2
mf 1000 1099 2
mf 1100 1199 3
mf 1200 1299 23
mf 1300 1399 17
mf 1400 1499 7
mf 1500 1599 7
mf 1600 1699 10
mf 1700 1799 0
mf 1800 1899 9
mf 1900 1999 1
mf 2000 2099 8
mf 2100 2199 40
mf 2200 2299 12
mf 2300 2399 35
mf 2400 2499 20
mf 2500 2599 3
mf 2600 2699 17
mf 2700 2799 4
mf 2800 2899 7
fp 0 99 8
fp 100 199 6
fp 200 299 2
fp 300 399 17
fp 400 499 4
fp 500 599 1
fp 600 699 2
fp 700 799 1
fp 800 899 21
fp 900 999 24
fp 1000 1099 25
fp 1100 1199 49
fp 1200 1299 7
fp 1300 1399 0
fp 1400 1499 13
fp 1500 1599 0
fp 1600 1699 2
fp 1700 1799 1
fp 1800 1899 7
fp 1900 1999 23
fp 2000 2099 15
fp 2100 2199 13
fp 2200 2299 2
fp 2300 2399 25
fp 2400 2499 16
fp 2500 2599 14
fp 2600 2699 57
fp 2700 2799 21
fp 2800 2899 9
fp 2900 2999 34
fp 3000 3099 6
fp 3100 3199 0
fp 3200 3299 2
fp 3300 3399 16
dm 0 99 45
dm 100 199 86
dm 200 299 33
dm 300 399 0
dm 400 499 24
dm 500 599 0
dm 600 699 11
dm 700 799 69
dm 800 899 33
dm 900 999 1
dm 1000 1099 53
dm 1100 1199 0
dm 1200 1299 9
dm 1300 1399 8
dm 1400 1499 1
dm 1500 1599 12
dm 1600 1699 7
dm 1700 1799 15
dm 1800 1899 6
dm 1900 1999 1
sc 0 99 0
sc 100 199 11
sc 200 299 0
sc 300 399 10
sc 400 499 0
sc 500 599 1
sc 600 699 1
sc 700 799 0
sc 800 899 4
sc 900 999 2
sc 1000 1099 0
sc 1100 1199 0
sc 1200 1299 0
sc 1300 1399 0
sc 1400 1499 0
sc 1500 1599 0
sc 1600 1699 0
sc 1700 1799 1
sc 1800 1899 3
sc 1900 1999 1
sc 2000 2099 15
sc 2100 2199 1
sc 2200 2299 23
sc 2300 2399 2
sc 2400 2499 0
sc 2500 2599 11
sc 2600 2699 35
sc 2700 2799 0
sc 2800 2899 11
sc 2900 2999 0
sc 3000 3099 1
sc 3100 3199 0
sc 3200 3299 8
sc 3300 3399 11
sc 3400 3499 0
sc 3500 3599 1
sc 3600 3699 4
sc 3700 3799 22
sc 3800 3899 1
sc 3900 3999 17
sc 4000 4099 12
sc 4100 4199 0
sc 4200 4299 7
sc 4300 4399 0
sc 4400 4499 2
sc 4500 4599 8
sc 4600 4699 3
sc 4700 4799 1
sc 4800 4899 5
sc 4900 4999 2
sc 5000 5099 1
sc 5100 5199 0
sc 5200 5299 9
sc 5300 5399 0
sc 5400 5499 0
sc 5500 5599 0
sc 5600 5699 7
sc 5700 5799 0
sc 5800 5899 0
sc 5900 5999 1
sc 6000 6099 5
sc 6100 6199 1
sc 6200 6299 0
sc 6300 6399 5
sc 6400 6499 0
sc 6500 6599 0
sc 6600 6699 0
sc 6700 6799 11
sc 6800 6899 0
sc 6900 6999 4
sc 7000 7099 0
sc 7100 7199 0
sc 7200 7299 0
sc 7300 7399 0
sc 7400 7499 0
sc 7500 7599 1
sc 7600 7699 1
sc 7700 7799 3
sc 7800 7899 0
sc 7900 7999 1
sc 8000 8099 0
sc 8100 8199 0
sc 8200 8299 1
sc 8300 8399 4
sc 8400 8499 3
sc 8500 8599 4
sc 8600 8699 8
sc 8700 8799 0
sc 8800 8899 0
sc 8900 8999 0
mt 0 99 0
mt 100 199 0
mt 200 299 2
mt 300 399 0
mt 400 499 2
mt 500 599 1
mt 600 699 0
mt 700 799 8
mt 800 899 3
mt 900 999 0
mt 1000 1099 1
mt 1100 1199 4
mt 1200 1299 2
mt 1300 1399 13
mt 1400 1499 0
mt 1500 1599 8
mt 1600 1699 13
mt 1700 1799 7
mt 1800 1899 7
mt 1900 1999 12
mt 2000 2099 0
mt 2100 2199 21
mt 2200 2299 1
mt 2300 2399 16
mt 2400 2499 0
mt 2500 2599 1
mt 2600 2699 3
mt 2700 2799 3
mt 2800 2899 34
mt 2900 2999 4
mt 3000 3099 0
mt 3100 3199 1
mt 3200 3299 6
mt 3300 3399 0
mt 3400 3499 3
mt 3500 3599 0
mt 3600 3699 3
mt 3700 3799 1
mt 3800 3899 1
mt 3900 3999 0
mt 4000 4099 29
mt 4100 4199 9
mt 4200 4299 0
mt 4300 4399 28
mt 4400 4499 1
mt 4500 4599 10
mt 4600 4699 2
mt 4700 4799 1
mt 4800 4899 2
mt 4900 4999 17
v1 0 99 0
v1 100 199 5
v1 200 299 3
v1 300 399 8
v1 400 499 2
v1 500 599 0
v1 600 699 0
v1 700 799 1
v1 800 899 2
v1 900 999 13
v1 1000 1099 4
v1 1100 1199 40
v1 1200 1299 3
v1 1300 1399 0
v1 1400 1499 9
v1 1500 1599 5
v1 1600 1699 8
v1 1700 1799 2
v2 0 99 21
v2 100 199 0
v2 200 299 0
v2 300 399 1
v2 400 499 1
v2 500 599 1
v2 600 699 7
v2 700 799 0
v2 800 899 0
va 0 99 2
va 100 199 1
va 200 299 16
va 300 399 1
va 400 499 40
va 500 599 18
va 600 699 0
va 700 799 18
va 800 899 13
va 900 999 7
va 1000 1099 1
va 1100 1199 3
va 1200 1299 5
va 1300 1399 24
va 1400 1499 2
va 1500 1599 1
va 1600 1699 9
va 1700 1799 1
