mf 0 99 3
mf 100 199 4
mf 200 299 14
mf 300 399 32
mf 400 499 9
mf 500 599 16
mf 600 699 6
mf 700 799 6
mf 800 899 17
mf 900 999 13
mf 1000 1099 16
mf 1100 1199 10
mf 1200 1299 23
mf 1300 1399 15
mf 1400 1499 5
mf 1500 1599 19
mf 1600 1699 20
mf 1700 1799 1
mf 1800 1899 7
mf 1900 1999 11
mf 2000 2099 7
mf 2100 2199 53
mf 2200 2299 18
mf 2300 2399 39
mf 2400 2499 40
mf 2500 2599 4
mf 2600 2699 10
mf 2700 2799 1
mf 2800 2899 17
fp 0 99 27
fp 100 199 7
fp 200 299 10
fp 300 399 2
fp 400 499 13
fp 500 599 1
fp 600 699 8
fp 700 799 15
fp 800 899 13
fp 900 999 20
fp 1000 1099 18
fp 1100 1199 25
fp 1200 1299 11
fp 1300 1399 3
fp 1400 1499 11
fp 1500 1599 5
fp 1600 1699 7
fp 1700 1799 8
fp 1800 1899 20
fp 1900 1999 16
fp 2000 2099 33
fp 2100 2199 21
fp 2200 2299 5
fp 2300 2399 21
fp 2400 2499 3
fp 2500 2599 13
fp 2600 2699 34
fp 2700 2799 14
fp 2800 2899 8
fp 2900 2999 27
fp 3000 3099 5
fp 3100 3199 1
fp 3200 3299 10
fp 3300 3399 3
dm 0 99 52
dm 100 199 63
dm 200 299 30
dm 300 399 1
dm 400 499 8
dm 500 599 5
dm 600 699 11
dm 700 799 39
dm 800 899 11
dm 900 999 10
dm 1000 1099 39
dm 1100 1199 0
dm 1200 1299 4
dm 1300 1399 12
dm 1400 1499 0
dm 1500 1599 27
dm 1600 1699 15
dm 1700 1799 31
dm 1800 1899 10
dm 1900 1999 4
sc 0 99 13
sc 100 199 19
sc 200 299 7
sc 300 399 23
sc 400 499 4
sc 500 599 15
sc 600 699 2
sc 700 799 5
sc 800 899 7
sc 900 999 2
sc 1000 1099 3
sc 1100 1199 1
sc 1200 1299 8
sc 1300 1399 12
sc 1400 1499 0
sc 1500 1599 2
sc 1600 1699 0
sc 1700 1799 7
sc 1800 1899 1
sc 1900 1999 3
sc 2000 2099 7
sc 2100 2199 0
sc 2200 2299 18
sc 2300 2399 13
sc 2400 2499 0
sc 2500 2599 5
sc 2600 2699 30
sc 2700 2799 0
sc 2800 2899 12
sc 2900 2999 0
sc 3000 3099 2
sc 3100 3199 0
sc 3200 3299 8
sc 3300 3399 21
sc 3400 3499 0
sc 3500 3599 1
sc 3600 3699 10
sc 3700 3799 34
sc 3800 3899 1
sc 3900 3999 17
sc 4000 4099 26
sc 4100 4199 2
sc 4200 4299 7
sc 4300 4399 1
sc 4400 4499 4
sc 4500 4599 15
sc 4600 4699 13
sc 4700 4799 8
sc 4800 4899 2
sc 4900 4999 3
sc 5000 5099 0
sc 5100 5199 1
sc 5200 5299 11
sc 5300 5399 1
sc 5400 5499 13
sc 5500 5599 1
sc 5600 5699 4
sc 5700 5799 0
sc 5800 5899 0
sc 5900 5999 2
sc 6000 6099 19
sc 6100 6199 0
sc 6200 6299 0
sc 6300 6399 9
sc 6400 6499 0
sc 6500 6599 5
sc 6600 6699 2
sc 6700 6799 7
sc 6800 6899 11
sc 6900 6999 11
sc 7000 7099 0
sc 7100 7199 16
sc 7200 7299 0
sc 7300 7399 5
sc 7400 7499 3
sc 7500 7599 6
sc 7600 7699 8
sc 7700 7799 18
sc 7800 7899 13
sc 7900 7999 6
sc 8000 8099 4
sc 8100 8199 1
sc 8200 8299 8
sc 8300 8399 20
sc 8400 8499 19
sc 8500 8599 9
sc 8600 8699 31
sc 8700 8799 1
sc 8800 8899 5
sc 8900 8999 13
mt 0 99 3
mt 100 199 11
mt 200 299 22
mt 300 399 1
mt 400 499 0
mt 500 599 8
mt 600 699 16
mt 700 799 2
mt 800 899 15
mt 900 999 19
mt 1000 1099 3
mt 1100 1199 10
mt 1200 1299 7
mt 1300 1399 7
mt 1400 1499 0
mt 1500 1599 0
mt 1600 1699 3
mt 1700 1799 11
mt 1800 1899 10
mt 1900 1999 7
mt 2000 2099 11
mt 2100 2199 5
mt 2200 2299 0
mt 2300 2399 11
mt 2400 2499 6
mt 2500 2599 3
mt 2600 2699 1
mt 2700 2799 1
mt 2800 2899 18
mt 2900 2999 14
mt 3000 3099 3
mt 3100 3199 15
mt 3200 3299 2
mt 3300 3399 0
mt 3400 3499 1
mt 3500 3599 6
mt 3600 3699 28
mt 3700 3799 10
mt 3800 3899 3
mt 3900 3999 14
mt 4000 4099 4
mt 4100 4199 4
mt 4200 4299 3
mt 4300 4399 9
mt 4400 4499 7
mt 4500 4599 9
mt 4600 4699 0
mt 4700 4799 2
mt 4800 4899 10
mt 4900 4999 0
v1 0 99 0
v1 100 199 5
v1 200 299 3
v1 300 399 0
v1 400 499 3
v1 500 599 0
v1 600 699 1
v1 700 799 2
v1 800 899 3
v1 900 999 11
v1 1000 1099 6
v1 1100 1199 12
v1 1200 1299 2
v1 1300 1399 2
v1 1400 1499 8
v1 1500 1599 2
v1 1600 1699 3
v1 1700 1799 2
v2 0 99 17
v2 100 199 10
v2 200 299 3
v2 300 399 5
v2 400 499 7
v2 500 599 1
v2 600 699 5
v2 700 799 6
v2 800 899 0
va 0 99 9
va 100 199 5
va 200 299 18
va 300 399 8
va 400 499 33
va 500 599 14
va 600 699 3
va 700 799 9
va 800 899 10
va 900 999 6
va 1000 1099 3
va 1100 1199 5
va 1200 1299 5
va 1300 1399 15
va 1400 1499 1
va 1500 1599 15
va 1600 1699 6
va 1700 1799 6
