mf 0 99 0.78442
mf 100 199 -0.19850
mf 200 299 -0.42422
mf 300 399 -0.23926
mf 400 499 -0.39558
mf 500 599 0.14134
mf 600 699 0.07552
mf 700 799 0.43665
mf 800 899 -0.26246
mf 900 999 -0.22358
mf 1000 1099 -0.54992
mf 1100 1199 0.85831
mf 1200 1299 -0.05553
mf 1300 1399 0.30582
mf 1400 1499 0.17122
mf 1500 1599 -0.47679
mf 1600 1699 0.04058
mf 1700 1799 0.22204
mf 1800 1899 0.47417
mf 1900 1999 -0.33051
mf 2000 2099 0.13209
mf 2100 2199 -0.47386
mf 2200 2299 -0.29935
mf 2300 2399 -0.59900
mf 2400 2499 -0.25834
mf 2500 2599 -0.09845
mf 2600 2699 -0.17717
mf 2700 2799 -0.02397
mf 2800 2899 -0.60027
fp 0 99 0.56184
fp 100 199 0.57324
fp 200 299 0.00380
fp 300 399 0.04290
fp 400 499 -0.01681
fp 500 599 0.00233
fp 600 699 -0.01991
fp 700 799 0.07732
fp 800 899 0.84861
fp 900 999 0.17299
fp 1000 1099 0.04110
fp 1100 1199 -0.29377
fp 1200 1299 -0.27795
fp 1300 1399 0.29241
fp 1400 1499 0.54186
fp 1500 1599 -0.00223
fp 1600 1699 -0.49732
fp 1700 1799 -0.08654
fp 1800 1899 -0.01071
fp 1900 1999 -0.03892
fp 2000 2099 0.18015
fp 2100 2199 0.94895
fp 2200 2299 -0.19897
fp 2300 2399 0.13329
fp 2400 2499 0.18600
fp 2500 2599 0.45482
fp 2600 2699 -0.03839
fp 2700 2799 0.11120
fp 2800 2899 0.43157
fp 2900 2999 -0.03906
fp 3000 3099 -0.04459
fp 3100 3199 -0.07111
fp 3200 3299 0.07313
fp 3300 3399 0.10614
dm 0 99 -0.50516
dm 100 199 -0.44950
dm 200 299 -1.00000
dm 300 399 -0.00835
dm 400 499 -0.33102
dm 500 599 0.00678
dm 600 699 0.01492
dm 700 799 -0.33403
dm 800 899 -0.27447
dm 900 999 -0.32799
dm 1000 1099 -0.59372
dm 1100 1199 -0.01318
dm 1200 1299 -0.42960
dm 1300 1399 -0.70525
dm 1400 1499 -0.02490
dm 1500 1599 -0.40099
dm 1600 1699 -0.64211
dm 1700 1799 -0.80751
dm 1800 1899 -0.18013
dm 1900 1999 0.29601
sc 0 99 0.00000
sc 100 199 -0.15742
sc 200 299 0.55776
sc 300 399 0.24414
sc 400 499 0.05863
sc 500 599 0.34922
sc 600 699 0.16352
sc 700 799 0.00515
sc 800 899 -0.27892
sc 900 999 -0.09369
sc 1000 1099 0.00000
sc 1100 1199 0.00000
sc 1200 1299 0.00000
sc 1300 1399 -0.00356
sc 1400 1499 0.00000
sc 1500 1599 0.32326
sc 1600 1699 -0.01709
sc 1700 1799 -0.27819
sc 1800 1899 -0.35553
sc 1900 1999 -0.31864
sc 2000 2099 0.32253
sc 2100 2199 0.39107
sc 2200 2299 0.77763
sc 2300 2399 0.68419
sc 2400 2499 0.00000
sc 2500 2599 0.02621
sc 2600 2699 0.65212
sc 2700 2799 -0.17184
sc 2800 2899 0.05077
sc 2900 2999 0.14425
sc 3000 3099 -0.06408
sc 3100 3199 -0.07975
sc 3200 3299 -0.17271
sc 3300 3399 0.23521
sc 3400 3499 -0.23271
sc 3500 3599 -0.35748
sc 3600 3699 -0.57746
sc 3700 3799 0.77634
sc 3800 3899 -0.50382
sc 3900 3999 0.17245
sc 4000 4099 0.39692
sc 4100 4199 0.04272
sc 4200 4299 0.00000
sc 4300 4399 -0.40060
sc 4400 4499 -0.39822
sc 4500 4599 0.37419
sc 4600 4699 0.26881
sc 4700 4799 0.30607
sc 4800 4899 -0.60246
sc 4900 4999 -0.38051
sc 5000 5099 -0.20960
sc 5100 5199 0.11557
sc 5200 5299 -0.41413
sc 5300 5399 0.00000
sc 5400 5499 -0.36933
sc 5500 5599 -0.03585
sc 5600 5699 -0.62689
sc 5700 5799 0.30511
sc 5800 5899 -0.39476
sc 5900 5999 0.08059
sc 6000 6099 -0.04507
sc 6100 6199 0.28657
sc 6200 6299 0.34235
sc 6300 6399 0.00000
sc 6400 6499 0.00000
sc 6500 6599 0.00947
sc 6600 6699 0.18839
sc 6700 6799 -0.36618
sc 6800 6899 0.05783
sc 6900 6999 -0.61123
sc 7000 7099 0.30339
sc 7100 7199 -0.19449
sc 7200 7299 0.00000
sc 7300 7399 0.00197
sc 7400 7499 0.03465
sc 7500 7599 0.10691
sc 7600 7699 -0.21696
sc 7700 7799 0.51236
sc 7800 7899 0.40897
sc 7900 7999 0.11337
sc 8000 8099 0.00325
sc 8100 8199 0.10605
sc 8200 8299 0.50485
sc 8300 8399 0.94134
sc 8400 8499 0.74996
sc 8500 8599 0.43457
sc 8600 8699 0.48401
sc 8700 8799 0.03633
sc 8800 8899 0.00611
sc 8900 8999 0.01132
mt 0 99 -0.48844
mt 100 199 -0.11373
mt 200 299 -0.40232
mt 300 399 -0.09045
mt 400 499 0.10150
mt 500 599 -0.48596
mt 600 699 -0.34530
mt 700 799 -0.29040
mt 800 899 -0.26816
mt 900 999 -0.41537
mt 1000 1099 -0.21846
mt 1100 1199 -0.21766
mt 1200 1299 -0.12966
mt 1300 1399 -0.29095
mt 1400 1499 -0.68876
mt 1500 1599 -0.40527
mt 1600 1699 -0.33159
mt 1700 1799 -0.16626
mt 1800 1899 0.33661
mt 1900 1999 -0.28904
mt 2000 2099 -0.24519
mt 2100 2199 -0.39262
mt 2200 2299 -0.72802
mt 2300 2399 -0.35716
mt 2400 2499 -0.01145
mt 2500 2599 -0.50867
mt 2600 2699 0.22255
mt 2700 2799 -0.63677
mt 2800 2899 -0.46417
mt 2900 2999 -0.36094
mt 3000 3099 -0.27135
mt 3100 3199 -0.36022
mt 3200 3299 -0.48208
mt 3300 3399 -0.50320
mt 3400 3499 -0.05957
mt 3500 3599 0.00879
mt 3600 3699 -0.41193
mt 3700 3799 -0.38179
mt 3800 3899 -0.38343
mt 3900 3999 -0.13237
mt 4000 4099 -0.57681
mt 4100 4199 -0.25616
mt 4200 4299 -0.03475
mt 4300 4399 -0.59906
mt 4400 4499 -0.04187
mt 4500 4599 -0.11806
mt 4600 4699 -0.51836
mt 4700 4799 -0.53219
mt 4800 4899 -0.21964
mt 4900 4999 -0.54092
v1 0 99 0.13153
v1 100 199 -0.06856
v1 200 299 0.38568
v1 300 399 -0.09273
v1 400 499 0.32741
v1 500 599 0.24240
v1 600 699 0.48086
v1 700 799 0.10709
v1 800 899 0.28787
v1 900 999 0.48016
v1 1000 1099 0.51868
v1 1100 1199 0.11132
v1 1200 1299 0.12579
v1 1300 1399 0.28337
v1 1400 1499 0.53440
v1 1500 1599 0.71533
v1 1600 1699 0.16252
v1 1700 1799 -0.05875
v2 0 99 -0.08693
v2 100 199 0.35869
v2 200 299 0.55899
v2 300 399 0.40300
v2 400 499 0.13363
v2 500 599 0.44962
v2 600 699 0.29084
v2 700 799 0.29989
v2 800 899 0.32730
va 0 99 0.41261
va 100 199 -0.01469
va 200 299 0.15484
va 300 399 -0.00147
va 400 499 0.54921
va 500 599 0.86601
va 600 699 0.41606
va 700 799 -0.14136
va 800 899 -0.07897
va 900 999 0.15711
va 1000 1099 0.87166
va 1100 1199 0.68464
va 1200 1299 0.78987
va 1300 1399 -0.11787
va 1400 1499 0.38708
va 1500 1599 0.13619
va 1600 1699 0.25807
va 1700 1799 -0.00108
