mf 0 99 0.61910
mf 100 199 -0.12011
mf 200 299 -0.34813
mf 300 399 -0.44923
mf 400 499 -0.33199
mf 500 599 -0.23459
mf 600 699 -0.05832
mf 700 799 0.41777
mf 800 899 -0.33826
mf 900 999 -0.28620
mf 1000 1099 -0.42348
mf 1100 1199 0.76141
mf 1200 1299 -0.16470
mf 1300 1399 -0.15812
mf 1400 1499 0.05833
mf 1500 1599 -0.40072
mf 1600 1699 0.01290
mf 1700 1799 0.19987
mf 1800 1899 0.09292
mf 1900 1999 -0.24529
mf 2000 2099 0.18047
mf 2100 2199 -0.48211
mf 2200 2299 -0.24530
mf 2300 2399 -0.61913
mf 2400 2499 -0.16363
mf 2500 2599 -0.14362
mf 2600 2699 -0.17051
mf 2700 2799 0.07748
mf 2800 2899 -0.66453
fp 0 99 0.19115
fp 100 199 0.14743
fp 200 299 0.01288
fp 300 399 0.03475
fp 400 499 -0.05709
fp 500 599 -0.01500
fp 600 699 -0.08499
fp 700 799 -0.00132
fp 800 899 0.46484
fp 900 999 -0.27037
fp 1000 1099 0.27719
fp 1100 1199 -0.37056
fp 1200 1299 -0.20636
fp 1300 1399 0.21144
fp 1400 1499 0.45305
fp 1500 1599 0.00504
fp 1600 1699 -0.48286
fp 1700 1799 -0.01862
fp 1800 1899 0.00253
fp 1900 1999 -0.07054
fp 2000 2099 0.34572
fp 2100 2199 0.78425
fp 2200 2299 -0.25883
fp 2300 2399 0.26915
fp 2400 2499 0.19646
fp 2500 2599 0.51049
fp 2600 2699 -0.37189
fp 2700 2799 0.28246
fp 2800 2899 0.59672
fp 2900 2999 0.37034
fp 3000 3099 -0.09913
fp 3100 3199 -0.10236
fp 3200 3299 0.14617
fp 3300 3399 -0.13917
dm 0 99 -0.51822
dm 100 199 -0.68937
dm 200 299 -1.00000
dm 300 399 -0.05929
dm 400 499 -0.40832
dm 500 599 -0.04219
dm 600 699 -0.10774
dm 700 799 -0.53638
dm 800 899 -0.44939
dm 900 999 -0.37270
dm 1000 1099 -0.60126
dm 1100 1199 -0.06524
dm 1200 1299 -0.29601
dm 1300 1399 -0.76169
dm 1400 1499 -0.01022
dm 1500 1599 -0.27617
dm 1600 1699 -0.70800
dm 1700 1799 -0.80388
dm 1800 1899 -0.15031
dm 1900 1999 0.10469
sc 0 99 0.00000
sc 100 199 -0.13581
sc 200 299 0.35145
sc 300 399 0.30213
sc 400 499 0.01849
sc 500 599 0.48648
sc 600 699 0.23529
sc 700 799 0.03684
sc 800 899 -0.32416
sc 900 999 -0.21924
sc 1000 1099 0.00000
sc 1100 1199 0.00000
sc 1200 1299 0.00000
sc 1300 1399 -0.00533
sc 1400 1499 0.00000
sc 1500 1599 0.47024
sc 1600 1699 0.01361
sc 1700 1799 -0.23376
sc 1800 1899 -0.42139
sc 1900 1999 -0.54560
sc 2000 2099 0.50598
sc 2100 2199 0.45125
sc 2200 2299 0.80061
sc 2300 2399 0.51480
sc 2400 2499 0.00000
sc 2500 2599 0.04720
sc 2600 2699 0.80141
sc 2700 2799 -0.13573
sc 2800 2899 0.13908
sc 2900 2999 0.28115
sc 3000 3099 -0.10620
sc 3100 3199 -0.00128
sc 3200 3299 -0.24087
sc 3300 3399 0.38433
sc 3400 3499 -0.19825
sc 3500 3599 -0.37701
sc 3600 3699 -0.58443
sc 3700 3799 0.69086
sc 3800 3899 -0.56225
sc 3900 3999 0.16912
sc 4000 4099 0.49451
sc 4100 4199 0.11137
sc 4200 4299 0.00000
sc 4300 4399 -0.11121
sc 4400 4499 -0.38744
sc 4500 4599 0.47673
sc 4600 4699 0.40736
sc 4700 4799 0.35589
sc 4800 4899 -0.51266
sc 4900 4999 -0.38063
sc 5000 5099 -0.24728
sc 5100 5199 0.03673
sc 5200 5299 -0.30488
sc 5300 5399 0.00000
sc 5400 5499 -0.33237
sc 5500 5599 0.04318
sc 5600 5699 -0.59011
sc 5700 5799 0.29752
sc 5800 5899 -0.22344
sc 5900 5999 0.14412
sc 6000 6099 -0.00600
sc 6100 6199 0.25599
sc 6200 6299 0.41057
sc 6300 6399 0.00000
sc 6400 6499 0.00000
sc 6500 6599 0.01026
sc 6600 6699 0.33335
sc 6700 6799 -0.40755
sc 6800 6899 0.11267
sc 6900 6999 -0.50294
sc 7000 7099 0.35064
sc 7100 7199 -0.05110
sc 7200 7299 0.00000
sc 7300 7399 0.01340
sc 7400 7499 0.06463
sc 7500 7599 0.06505
sc 7600 7699 -0.25581
sc 7700 7799 0.32488
sc 7800 7899 0.41430
sc 7900 7999 0.20248
sc 8000 8099 -0.00141
sc 8100 8199 0.14647
sc 8200 8299 0.43238
sc 8300 8399 0.81631
sc 8400 8499 0.72696
sc 8500 8599 0.72289
sc 8600 8699 0.59200
sc 8700 8799 0.02822
sc 8800 8899 0.00682
sc 8900 8999 0.00604
mt 0 99 -0.28466
mt 100 199 -0.14221
mt 200 299 -0.28978
mt 300 399 -0.28568
mt 400 499 0.05439
mt 500 599 -0.48699
mt 600 699 -0.27850
mt 700 799 -0.10281
mt 800 899 -0.22260
mt 900 999 -0.31431
mt 1000 1099 -0.34861
mt 1100 1199 -0.23759
mt 1200 1299 0.14140
mt 1300 1399 -0.38201
mt 1400 1499 -0.58491
mt 1500 1599 -0.14221
mt 1600 1699 -0.03949
mt 1700 1799 0.18294
mt 1800 1899 0.70968
mt 1900 1999 0.10774
mt 2000 2099 -0.22420
mt 2100 2199 -0.27893
mt 2200 2299 -0.63705
mt 2300 2399 -0.09268
mt 2400 2499 0.04581
mt 2500 2599 -0.24608
mt 2600 2699 0.09158
mt 2700 2799 -0.37976
mt 2800 2899 0.17059
mt 2900 2999 -0.32752
mt 3000 3099 -0.26267
mt 3100 3199 -0.31657
mt 3200 3299 -0.36860
mt 3300 3399 -0.45595
mt 3400 3499 -0.09295
mt 3500 3599 0.02132
mt 3600 3699 -0.36570
mt 3700 3799 -0.37137
mt 3800 3899 -0.21834
mt 3900 3999 -0.01982
mt 4000 4099 -0.26882
mt 4100 4199 0.11118
mt 4200 4299 -0.23897
mt 4300 4399 -0.15416
mt 4400 4499 -0.01127
mt 4500 4599 0.35607
mt 4600 4699 -0.41664
mt 4700 4799 -0.28735
mt 4800 4899 -0.15407
mt 4900 4999 -0.25096
v1 0 99 0.08226
v1 100 199 -0.18712
v1 200 299 0.15709
v1 300 399 -0.18260
v1 400 499 0.12813
v1 500 599 0.08549
v1 600 699 0.25552
v1 700 799 -0.02533
v1 800 899 0.21825
v1 900 999 0.29248
v1 1000 1099 0.19152
v1 1100 1199 -0.12293
v1 1200 1299 -0.13550
v1 1300 1399 0.10511
v1 1400 1499 0.26777
v1 1500 1599 0.46737
v1 1600 1699 0.15243
v1 1700 1799 -0.16367
v2 0 99 -0.22981
v2 100 199 0.58127
v2 200 299 0.48872
v2 300 399 0.58942
v2 400 499 0.09881
v2 500 599 0.41524
v2 600 699 0.13663
v2 700 799 0.18321
v2 800 899 0.41471
va 0 99 0.37006
va 100 199 -0.01041
va 200 299 0.40275
va 300 399 0.03471
va 400 499 0.71062
va 500 599 0.74783
va 600 699 0.56092
va 700 799 0.20298
va 800 899 0.20430
va 900 999 0.16714
va 1000 1099 0.73482
va 1100 1199 0.36143
va 1200 1299 0.85729
va 1300 1399 0.09143
va 1400 1499 0.31123
va 1500 1599 0.25758
va 1600 1699 0.42161
va 1700 1799 0.00684
