mf 0 99 3
mf 100 199 4
mf 200 299 12
mf 300 399 40
mf 400 499 7
mf 500 599 19
mf 600 699 3
mf 700 799 3
mf 800 899 16
mf 900 999 14
mf 1000 1099 18
mf 1100 1199 10
mf 1200 1299 16
mf 1300 1399 18
mf 1400 1499 5
mf 1500 1599 22
mf 1600 1699 18
mf 1700 1799 0
mf 1800 1899 6
mf 1900 1999 12
mf 2000 2099 5
mf 2100 2199 57
mf 2200 2299 21
mf 2300 2399 38
mf 2400 2499 36
mf 2500 2599 3
mf 2600 2699 8
mf 2700 2799 1
mf 2800 2899 21
fp 0 99 21
fp 100 199 3
fp 200 299 3
fp 300 399 1
fp 400 499 2
fp 500 599 2
fp 600 699 8
fp 700 799 13
fp 800 899 13
fp 900 999 19
fp 1000 1099 15
fp 1100 1199 28
fp 1200 1299 11
fp 1300 1399 3
fp 1400 1499 9
fp 1500 1599 3
fp 1600 1699 8
fp 1700 1799 6
fp 1800 1899 12
fp 1900 1999 7
fp 2000 2099 22
fp 2100 2199 18
fp 2200 2299 7
fp 2300 2399 18
fp 2400 2499 1
fp 2500 2599 11
fp 2600 2699 35
fp 2700 2799 16
fp 2800 2899 7
fp 2900 2999 24
fp 3000 3099 2
fp 3100 3199 1
fp 3200 3299 10
fp 3300 3399 1
dm 0 99 50
dm 100 199 67
dm 200 299 35
dm 300 399 0
dm 400 499 10
dm 500 599 1
dm 600 699 4
dm 700 799 43
dm 800 899 8
dm 900 999 7
dm 1000 1099 40
dm 1100 1199 0
dm 1200 1299 4
dm 1300 1399 12
dm 1400 1499 0
dm 1500 1599 22
dm 1600 1699 16
dm 1700 1799 26
dm 1800 1899 7
dm 1900 1999 6
sc 0 99 12
sc 100 199 12
sc 200 299 6
sc 300 399 13
sc 400 499 4
sc 500 599 8
sc 600 699 1
sc 700 799 6
sc 800 899 5
sc 900 999 3
sc 1000 1099 2
sc 1100 1199 1
sc 1200 1299 8
sc 1300 1399 13
sc 1400 1499 0
sc 1500 1599 2
sc 1600 1699 0
sc 1700 1799 10
sc 1800 1899 1
sc 1900 1999 5
sc 2000 2099 12
sc 2100 2199 1
sc 2200 2299 18
sc 2300 2399 16
sc 2400 2499 0
sc 2500 2599 7
sc 2600 2699 26
sc 2700 2799 0
sc 2800 2899 5
sc 2900 2999 0
sc 3000 3099 3
sc 3100 3199 2
sc 3200 3299 5
sc 3300 3399 21
sc 3400 3499 0
sc 3500 3599 0
sc 3600 3699 10
sc 3700 3799 36
sc 3800 3899 1
sc 3900 3999 15
sc 4000 4099 27
sc 4100 4199 1
sc 4200 4299 7
sc 4300 4399 1
sc 4400 4499 4
sc 4500 4599 9
sc 4600 4699 12
sc 4700 4799 8
sc 4800 4899 2
sc 4900 4999 6
sc 5000 5099 0
sc 5100 5199 1
sc 5200 5299 8
sc 5300 5399 0
sc 5400 5499 8
sc 5500 5599 0
sc 5600 5699 6
sc 5700 5799 0
sc 5800 5899 0
sc 5900 5999 3
sc 6000 6099 16
sc 6100 6199 0
sc 6200 6299 0
sc 6300 6399 10
sc 6400 6499 0
sc 6500 6599 4
sc 6600 6699 3
sc 6700 6799 6
sc 6800 6899 7
sc 6900 6999 8
sc 7000 7099 0
sc 7100 7199 7
sc 7200 7299 0
sc 7300 7399 2
sc 7400 7499 0
sc 7500 7599 4
sc 7600 7699 8
sc 7700 7799 14
sc 7800 7899 8
sc 7900 7999 4
sc 8000 8099 2
sc 8100 8199 1
sc 8200 8299 6
sc 8300 8399 16
sc 8400 8499 13
sc 8500 8599 12
sc 8600 8699 25
sc 8700 8799 0
sc 8800 8899 1
sc 8900 8999 7
mt 0 99 1
mt 100 199 11
mt 200 299 19
mt 300 399 1
mt 400 499 2
mt 500 599 11
mt 600 699 16
mt 700 799 2
mt 800 899 10
mt 900 999 19
mt 1000 1099 0
mt 1100 1199 9
mt 1200 1299 3
mt 1300 1399 6
mt 1400 1499 0
mt 1500 1599 1
mt 1600 1699 4
mt 1700 1799 8
mt 1800 1899 9
mt 1900 1999 7
mt 2000 2099 5
mt 2100 2199 10
mt 2200 2299 2
mt 2300 2399 6
mt 2400 2499 1
mt 2500 2599 2
mt 2600 2699 1
mt 2700 2799 0
mt 2800 2899 20
mt 2900 2999 17
mt 3000 3099 3
mt 3100 3199 16
mt 3200 3299 3
mt 3300 3399 0
mt 3400 3499 2
mt 3500 3599 0
mt 3600 3699 24
mt 3700 3799 10
mt 3800 3899 1
mt 3900 3999 11
mt 4000 4099 3
mt 4100 4199 5
mt 4200 4299 3
mt 4300 4399 8
mt 4400 4499 5
mt 4500 4599 5
mt 4600 4699 0
mt 4700 4799 3
mt 4800 4899 8
mt 4900 4999 2
v1 0 99 0
v1 100 199 5
v1 200 299 2
v1 300 399 0
v1 400 499 3
v1 500 599 0
v1 600 699 1
v1 700 799 2
v1 800 899 2
v1 900 999 12
v1 1000 1099 6
v1 1100 1199 11
v1 1200 1299 2
v1 1300 1399 1
v1 1400 1499 6
v1 1500 1599 1
v1 1600 1699 2
v1 1700 1799 2
v2 0 99 11
v2 100 199 10
v2 200 299 3
v2 300 399 6
v2 400 499 11
v2 500 599 1
v2 600 699 5
v2 700 799 3
v2 800 899 0
va 0 99 8
va 100 199 5
va 200 299 14
va 300 399 1
va 400 499 42
va 500 599 18
va 600 699 3
va 700 799 8
va 800 899 9
va 900 999 4
va 1000 1099 4
va 1100 1199 3
va 1200 1299 2
va 1300 1399 12
va 1400 1499 1
va 1500 1599 14
va 1600 1699 5
va 1700 1799 5
