mf 0 99 1
mf 100 199 8
mf 200 299 8
mf 300 399 51
mf 400 499 3
mf 500 599 43
mf 600 699 0
mf 700 799 8
mf 800 899 16
mf 900 999 4
mf 1000 1099 2
mf 1100 1199 6
mf 1200 1299 26
mf 1300 1399 22
mf 1400 1499 8
mf 1500 1599 8
mf 1600 1699 19
mf 1700 1799 0
mf 1800 1899 13
mf 1900 1999 3
mf 2000 2099 13
mf 2100 2199 56
mf 2200 2299 13
mf 2300 2399 49
mf 2400 2499 30
mf 2500 2599 3
mf 2600 2699 25
mf 2700 2799 7
mf 2800 2899 14
fp 0 99 16
fp 100 199 8
fp 200 299 0
fp 300 399 19
fp 400 499 1
fp 500 599 3
fp 600 699 4
fp 700 799 2
fp 800 899 19
fp 900 999 29
fp 1000 1099 31
fp 1100 1199 62
fp 1200 1299 6
fp 1300 1399 0
fp 1400 1499 12
fp 1500 1599 0
fp 1600 1699 2
fp 1700 1799 3
fp 1800 1899 9
fp 1900 1999 25
fp 2000 2099 17
fp 2100 2199 16
fp 2200 2299 3
fp 2300 2399 27
fp 2400 2499 18
fp 2500 2599 18
fp 2600 2699 74
fp 2700 2799 25
fp 2800 2899 14
fp 2900 2999 36
fp 3000 3099 8
fp 3100 3199 0
fp 3200 3299 2
fp 3300 3399 16
dm 0 99 55
dm 100 199 92
dm 200 299 49
dm 300 399 0
dm 400 499 27
dm 500 599 0
dm 600 699 13
dm 700 799 78
dm 800 899 41
dm 900 999 1
dm 1000 1099 61
dm 1100 1199 0
dm 1200 1299 11
dm 1300 1399 11
dm 1400 1499 0
dm 1500 1599 15
dm 1600 1699 11
dm 1700 1799 24
dm 1800 1899 7
dm 1900 1999 0
sc 0 99 0
sc 100 199 16
sc 200 299 0
sc 300 399 12
sc 400 499 0
sc 500 599 6
sc 600 699 0
sc 700 799 0
sc 800 899 2
sc 900 999 1
sc 1000 1099 0
sc 1100 1199 0
sc 1200 1299 0
sc 1300 1399 0
sc 1400 1499 0
sc 1500 1599 0
sc 1600 1699 0
sc 1700 1799 0
sc 1800 1899 3
sc 1900 1999 2
sc 2000 2099 17
sc 2100 2199 1
sc 2200 2299 29
sc 2300 2399 2
sc 2400 2499 0
sc 2500 2599 9
sc 2600 2699 40
sc 2700 2799 0
sc 2800 2899 15
sc 2900 2999 0
sc 3000 3099 0
sc 3100 3199 0
sc 3200 3299 8
sc 3300 3399 17
sc 3400 3499 0
sc 3500 3599 2
sc 3600 3699 4
sc 3700 3799 28
sc 3800 3899 2
sc 3900 3999 17
sc 4000 4099 15
sc 4100 4199 0
sc 4200 4299 5
sc 4300 4399 0
sc 4400 4499 1
sc 4500 4599 10
sc 4600 4699 3
sc 4700 4799 1
sc 4800 4899 5
sc 4900 4999 1
sc 5000 5099 0
sc 5100 5199 0
sc 5200 5299 12
sc 5300 5399 0
sc 5400 5499 1
sc 5500 5599 0
sc 5600 5699 10
sc 5700 5799 0
sc 5800 5899 0
sc 5900 5999 1
sc 6000 6099 10
sc 6100 6199 2
sc 6200 6299 0
sc 6300 6399 3
sc 6400 6499 0
sc 6500 6599 1
sc 6600 6699 0
sc 6700 6799 8
sc 6800 6899 1
sc 6900 6999 5
sc 7000 7099 0
sc 7100 7199 1
sc 7200 7299 0
sc 7300 7399 0
sc 7400 7499 0
sc 7500 7599 1
sc 7600 7699 1
sc 7700 7799 4
sc 7800 7899 1
sc 7900 7999 1
sc 8000 8099 0
sc 8100 8199 0
sc 8200 8299 1
sc 8300 8399 3
sc 8400 8499 4
sc 8500 8599 4
sc 8600 8699 13
sc 8700 8799 0
sc 8800 8899 0
sc 8900 8999 0
mt 0 99 1
mt 100 199 0
mt 200 299 0
mt 300 399 1
mt 400 499 3
mt 500 599 0
mt 600 699 0
mt 700 799 9
mt 800 899 3
mt 900 999 0
mt 1000 1099 1
mt 1100 1199 3
mt 1200 1299 3
mt 1300 1399 15
mt 1400 1499 1
mt 1500 1599 11
mt 1600 1699 16
mt 1700 1799 8
mt 1800 1899 6
mt 1900 1999 14
mt 2000 2099 1
mt 2100 2199 26
mt 2200 2299 2
mt 2300 2399 16
mt 2400 2499 0
mt 2500 2599 1
mt 2600 2699 2
mt 2700 2799 4
mt 2800 2899 46
mt 2900 2999 6
mt 3000 3099 1
mt 3100 3199 3
mt 3200 3299 9
mt 3300 3399 0
mt 3400 3499 2
mt 3500 3599 0
mt 3600 3699 4
mt 3700 3799 2
mt 3800 3899 2
mt 3900 3999 0
mt 4000 4099 31
mt 4100 4199 9
mt 4200 4299 0
mt 4300 4399 37
mt 4400 4499 1
mt 4500 4599 12
mt 4600 4699 2
mt 4700 4799 2
mt 4800 4899 0
mt 4900 4999 17
v1 0 99 0
v1 100 199 8
v1 200 299 3
v1 300 399 10
v1 400 499 4
v1 500 599 2
v1 600 699 1
v1 700 799 7
v1 800 899 3
v1 900 999 21
v1 1000 1099 7
v1 1100 1199 46
v1 1200 1299 14
v1 1300 1399 1
v1 1400 1499 13
v1 1500 1599 8
v1 1600 1699 11
v1 1700 1799 7
v2 0 99 19
v2 100 199 0
v2 200 299 2
v2 300 399 2
v2 400 499 1
v2 500 599 3
v2 600 699 7
v2 700 799 0
v2 800 899 1
va 0 99 3
va 100 199 3
va 200 299 19
va 300 399 0
va 400 499 45
va 500 599 20
va 600 699 0
va 700 799 20
va 800 899 16
va 900 999 3
va 1000 1099 1
va 1100 1199 1
va 1200 1299 5
va 1300 1399 27
va 1400 1499 2
va 1500 1599 3
va 1600 1699 9
va 1700 1799 1
