mf 0 99 0.71858
mf 100 199 -0.07982
mf 200 299 -0.34923
mf 300 399 -0.39033
mf 400 499 -0.32563
mf 500 599 -0.16421
mf 600 699 0.00824
mf 700 799 0.50648
mf 800 899 -0.33036
mf 900 999 -0.26150
mf 1000 1099 -0.45087
mf 1100 1199 0.84406
mf 1200 1299 -0.08926
mf 1300 1399 -0.08072
mf 1400 1499 0.10687
mf 1500 1599 -0.40659
mf 1600 1699 0.11235
mf 1700 1799 0.28437
mf 1800 1899 0.17823
mf 1900 1999 -0.22425
mf 2000 2099 0.24515
mf 2100 2199 -0.38551
mf 2200 2299 -0.16340
mf 2300 2399 -0.48453
mf 2400 2499 -0.05716
mf 2500 2599 -0.09892
mf 2600 2699 -0.10995
mf 2700 2799 0.17241
mf 2800 2899 -0.73354
fp 0 99 0.29534
fp 100 199 0.22680
fp 200 299 0.01655
fp 300 399 0.05583
fp 400 499 -0.04163
fp 500 599 -0.00902
fp 600 699 -0.05944
fp 700 799 0.07260
fp 800 899 0.56664
fp 900 999 -0.20335
fp 1000 1099 0.37870
fp 1100 1199 -0.27223
fp 1200 1299 -0.19271
fp 1300 1399 0.27275
fp 1400 1499 0.53817
fp 1500 1599 0.02180
fp 1600 1699 -0.51564
fp 1700 1799 0.01290
fp 1800 1899 0.06231
fp 1900 1999 0.00873
fp 2000 2099 0.43257
fp 2100 2199 0.86536
fp 2200 2299 -0.21071
fp 2300 2399 0.35798
fp 2400 2499 0.28649
fp 2500 2599 0.57933
fp 2600 2699 -0.30106
fp 2700 2799 0.39559
fp 2800 2899 0.65188
fp 2900 2999 0.43998
fp 3000 3099 -0.05600
fp 3100 3199 -0.08202
fp 3200 3299 0.20321
fp 3300 3399 -0.06558
dm 0 99 -0.44791
dm 100 199 -0.62037
dm 200 299 -1.00000
dm 300 399 -0.04771
dm 400 499 -0.32683
dm 500 599 -0.02686
dm 600 699 -0.04033
dm 700 799 -0.48574
dm 800 899 -0.37400
dm 900 999 -0.34386
dm 1000 1099 -0.50585
dm 1100 1199 -0.04462
dm 1200 1299 -0.20862
dm 1300 1399 -0.82537
dm 1400 1499 0.07441
dm 1500 1599 -0.21355
dm 1600 1699 -0.78134
dm 1700 1799 -0.78998
dm 1800 1899 -0.09778
dm 1900 1999 0.18747
sc 0 99 0.00000
sc 100 199 -0.07713
sc 200 299 0.45664
sc 300 399 0.37853
sc 400 499 0.04261
sc 500 599 0.61566
sc 600 699 0.30315
sc 700 799 0.10120
sc 800 899 -0.33860
sc 900 999 -0.17942
sc 1000 1099 0.00000
sc 1100 1199 0.00000
sc 1200 1299 0.00000
sc 1300 1399 -0.00237
sc 1400 1499 0.00000
sc 1500 1599 0.54244
sc 1600 1699 0.02197
sc 1700 1799 -0.19801
sc 1800 1899 -0.38307
sc 1900 1999 -0.52901
sc 2000 2099 0.59113
sc 2100 2199 0.50471
sc 2200 2299 0.89070
sc 2300 2399 0.63108
sc 2400 2499 0.00000
sc 2500 2599 0.12395
sc 2600 2699 0.87906
sc 2700 2799 -0.03038
sc 2800 2899 0.20067
sc 2900 2999 0.33221
sc 3000 3099 -0.07831
sc 3100 3199 0.04614
sc 3200 3299 -0.12750
sc 3300 3399 0.47020
sc 3400 3499 -0.17156
sc 3500 3599 -0.39602
sc 3600 3699 -0.58678
sc 3700 3799 0.74219
sc 3800 3899 -0.58105
sc 3900 3999 0.27998
sc 4000 4099 0.56936
sc 4100 4199 0.15598
sc 4200 4299 0.00000
sc 4300 4399 -0.05551
sc 4400 4499 -0.36799
sc 4500 4599 0.56750
sc 4600 4699 0.51695
sc 4700 4799 0.43731
sc 4800 4899 -0.49373
sc 4900 4999 -0.39721
sc 5000 5099 -0.23121
sc 5100 5199 0.07017
sc 5200 5299 -0.15202
sc 5300 5399 0.00000
sc 5400 5499 -0.21374
sc 5500 5599 0.08865
sc 5600 5699 -0.58717
sc 5700 5799 0.35832
sc 5800 5899 -0.16163
sc 5900 5999 0.19150
sc 6000 6099 0.05465
sc 6100 6199 0.32943
sc 6200 6299 0.47941
sc 6300 6399 0.00000
sc 6400 6499 0.00000
sc 6500 6599 0.02257
sc 6600 6699 0.41718
sc 6700 6799 -0.38216
sc 6800 6899 0.17555
sc 6900 6999 -0.44422
sc 7000 7099 0.41964
sc 7100 7199 0.00978
sc 7200 7299 0.00000
sc 7300 7399 0.04719
sc 7400 7499 0.08550
sc 7500 7599 0.10340
sc 7600 7699 -0.24174
sc 7700 7799 0.42805
sc 7800 7899 0.55291
sc 7900 7999 0.29726
sc 8000 8099 0.00658
sc 8100 8199 0.19602
sc 8200 8299 0.53680
sc 8300 8399 0.96110
sc 8400 8499 0.85183
sc 8500 8599 0.81808
sc 8600 8699 0.73156
sc 8700 8799 0.04000
sc 8800 8899 0.01134
sc 8900 8999 0.02874
mt 0 99 -0.11372
mt 100 199 -0.11713
mt 200 299 -0.26020
mt 300 399 -0.18674
mt 400 499 0.14673
mt 500 599 -0.41421
mt 600 699 -0.29644
mt 700 799 -0.02163
mt 800 899 -0.14636
mt 900 999 -0.31280
mt 1000 1099 -0.26122
mt 1100 1199 -0.19071
mt 1200 1299 0.19414
mt 1300 1399 -0.32889
mt 1400 1499 -0.53733
mt 1500 1599 -0.03577
mt 1600 1699 0.03914
mt 1700 1799 0.27044
mt 1800 1899 0.82236
mt 1900 1999 0.16610
mt 2000 2099 -0.13382
mt 2100 2199 -0.16632
mt 2200 2299 -0.58582
mt 2300 2399 0.01215
mt 2400 2499 0.10753
mt 2500 2599 -0.16913
mt 2600 2699 0.15974
mt 2700 2799 -0.28494
mt 2800 2899 0.24037
mt 2900 2999 -0.33688
mt 3000 3099 -0.26142
mt 3100 3199 -0.31428
mt 3200 3299 -0.25747
mt 3300 3399 -0.37399
mt 3400 3499 -0.02710
mt 3500 3599 0.03568
mt 3600 3699 -0.36089
mt 3700 3799 -0.33767
mt 3800 3899 -0.08680
mt 3900 3999 0.07017
mt 4000 4099 -0.14386
mt 4100 4199 0.21827
mt 4200 4299 -0.14630
mt 4300 4399 -0.02984
mt 4400 4499 0.04125
mt 4500 4599 0.45797
mt 4600 4699 -0.30154
mt 4700 4799 -0.22874
mt 4800 4899 -0.06126
mt 4900 4999 -0.17932
v1 0 99 0.11638
v1 100 199 -0.14660
v1 200 299 0.25215
v1 300 399 -0.10548
v1 400 499 0.20289
v1 500 599 0.16006
v1 600 699 0.33032
v1 700 799 0.03161
v1 800 899 0.29816
v1 900 999 0.37882
v1 1000 1099 0.30295
v1 1100 1199 -0.02292
v1 1200 1299 -0.05122
v1 1300 1399 0.17391
v1 1400 1499 0.36789
v1 1500 1599 0.51092
v1 1600 1699 0.25220
v1 1700 1799 -0.11970
v2 0 99 -0.21089
v2 100 199 0.67475
v2 200 299 0.54276
v2 300 399 0.67670
v2 400 499 0.19669
v2 500 599 0.49741
v2 600 699 0.22531
v2 700 799 0.28884
v2 800 899 0.49225
va 0 99 0.45609
va 100 199 0.00807
va 200 299 0.48000
va 300 399 0.04920
va 400 499 0.81288
va 500 599 0.86631
va 600 699 0.64521
va 700 799 0.27986
va 800 899 0.29534
va 900 999 0.24139
va 1000 1099 0.81849
va 1100 1199 0.43079
va 1200 1299 0.87726
va 1300 1399 0.16586
va 1400 1499 0.39664
va 1500 1599 0.33423
va 1600 1699 0.50608
va 1700 1799 0.02987
