mf 0 99 0.82831
mf 100 199 -0.15609
mf 200 299 -0.39964
mf 300 399 -0.15158
mf 400 499 -0.38065
mf 500 599 0.22604
mf 600 699 0.15727
mf 700 799 0.49242
mf 800 899 -0.23169
mf 900 999 -0.18267
mf 1000 1099 -0.56544
mf 1100 1199 0.85833
mf 1200 1299 0.04311
mf 1300 1399 0.36187
mf 1400 1499 0.19941
mf 1500 1599 -0.45231
mf 1600 1699 0.12070
mf 1700 1799 0.31410
mf 1800 1899 0.54170
mf 1900 1999 -0.29272
mf 2000 2099 0.18346
mf 2100 2199 -0.36596
mf 2200 2299 -0.20681
mf 2300 2399 -0.44886
mf 2400 2499 -0.14637
mf 2500 2599 -0.07780
mf 2600 2699 -0.11168
mf 2700 2799 0.06337
mf 2800 2899 -0.63429
fp 0 99 0.63530
fp 100 199 0.62480
fp 200 299 0.01309
fp 300 399 0.09489
fp 400 499 -0.00698
fp 500 599 0.02208
fp 600 699 0.01894
fp 700 799 0.13013
fp 800 899 0.89953
fp 900 999 0.24424
fp 1000 1099 0.13899
fp 1100 1199 -0.17603
fp 1200 1299 -0.27264
fp 1300 1399 0.34515
fp 1400 1499 0.60958
fp 1500 1599 0.00703
fp 1600 1699 -0.51137
fp 1700 1799 -0.04126
fp 1800 1899 0.04776
fp 1900 1999 0.01004
fp 2000 2099 0.26397
fp 2100 2199 0.97864
fp 2200 2299 -0.15171
fp 2300 2399 0.21112
fp 2400 2499 0.25439
fp 2500 2599 0.48254
fp 2600 2699 0.05435
fp 2700 2799 0.19033
fp 2800 2899 0.47633
fp 2900 2999 0.03686
fp 3000 3099 -0.01178
fp 3100 3199 -0.05392
fp 3200 3299 0.13238
fp 3300 3399 0.13911
dm 0 99 -0.41909
dm 100 199 -0.34607
dm 200 299 -0.96564
dm 300 399 -0.00593
dm 400 499 -0.21953
dm 500 599 0.01728
dm 600 699 0.11635
dm 700 799 -0.25101
dm 800 899 -0.18892
dm 900 999 -0.27746
dm 1000 1099 -0.45843
dm 1100 1199 -0.00002
dm 1200 1299 -0.30451
dm 1300 1399 -0.72747
dm 1400 1499 0.02780
dm 1500 1599 -0.31564
dm 1600 1699 -0.68022
dm 1700 1799 -0.77508
dm 1800 1899 -0.12210
dm 1900 1999 0.38820
sc 0 99 0.00000
sc 100 199 -0.06758
sc 200 299 0.61175
sc 300 399 0.33311
sc 400 499 0.09226
sc 500 599 0.44299
sc 600 699 0.23169
sc 700 799 0.03624
sc 800 899 -0.27220
sc 900 999 -0.05155
sc 1000 1099 0.00000
sc 1100 1199 0.00000
sc 1200 1299 0.00000
sc 1300 1399 -0.00284
sc 1400 1499 0.00000
sc 1500 1599 0.35709
sc 1600 1699 -0.00431
sc 1700 1799 -0.24563
sc 1800 1899 -0.30705
sc 1900 1999 -0.27821
sc 2000 2099 0.38458
sc 2100 2199 0.43683
sc 2200 2299 0.81149
sc 2300 2399 0.74865
sc 2400 2499 0.00000
sc 2500 2599 0.08825
sc 2600 2699 0.67569
sc 2700 2799 -0.07102
sc 2800 2899 0.10009
sc 2900 2999 0.18816
sc 3000 3099 -0.01987
sc 3100 3199 -0.04447
sc 3200 3299 -0.03200
sc 3300 3399 0.32904
sc 3400 3499 -0.18028
sc 3500 3599 -0.35744
sc 3600 3699 -0.53806
sc 3700 3799 0.78633
sc 3800 3899 -0.47606
sc 3900 3999 0.27096
sc 4000 4099 0.44093
sc 4100 4199 0.08142
sc 4200 4299 0.00000
sc 4300 4399 -0.31143
sc 4400 4499 -0.33797
sc 4500 4599 0.48304
sc 4600 4699 0.37734
sc 4700 4799 0.36478
sc 4800 4899 -0.56252
sc 4900 4999 -0.35168
sc 5000 5099 -0.16813
sc 5100 5199 0.16101
sc 5200 5299 -0.23642
sc 5300 5399 0.00000
sc 5400 5499 -0.19250
sc 5500 5599 -0.00772
sc 5600 5699 -0.58894
sc 5700 5799 0.36987
sc 5800 5899 -0.30913
sc 5900 5999 0.12482
sc 6000 6099 0.00575
sc 6100 6199 0.31109
sc 6200 6299 0.37628
sc 6300 6399 0.00000
sc 6400 6499 0.00000
sc 6500 6599 0.02749
sc 6600 6699 0.27191
sc 6700 6799 -0.30422
sc 6800 6899 0.13291
sc 6900 6999 -0.54878
sc 7000 7099 0.35825
sc 7100 7199 -0.08221
sc 7200 7299 0.00000
sc 7300 7399 0.02127
sc 7400 7499 0.04885
sc 7500 7599 0.13824
sc 7600 7699 -0.19595
sc 7700 7799 0.60869
sc 7800 7899 0.51095
sc 7900 7999 0.21291
sc 8000 8099 0.00929
sc 8100 8199 0.13875
sc 8200 8299 0.57625
sc 8300 8399 1.00000
sc 8400 8499 0.82599
sc 8500 8599 0.49314
sc 8600 8699 0.60290
sc 8700 8799 0.06001
sc 8800 8899 0.00743
sc 8900 8999 0.03184
mt 0 99 -0.29317
mt 100 199 -0.10321
mt 200 299 -0.37554
mt 300 399 0.00111
mt 400 499 0.18909
mt 500 599 -0.40212
mt 600 699 -0.32382
mt 700 799 -0.14951
mt 800 899 -0.16069
mt 900 999 -0.40345
mt 1000 1099 -0.13096
mt 1100 1199 -0.18621
mt 1200 1299 -0.06790
mt 1300 1399 -0.19192
mt 1400 1499 -0.61437
mt 1500 1599 -0.30541
mt 1600 1699 -0.26491
mt 1700 1799 -0.06589
mt 1800 1899 0.40504
mt 1900 1999 -0.21267
mt 2000 2099 -0.16932
mt 2100 2199 -0.26441
mt 2200 2299 -0.65406
mt 2300 2399 -0.21073
mt 2400 2499 0.00000
mt 2500 2599 -0.40421
mt 2600 2699 0.29789
mt 2700 2799 -0.50812
mt 2800 2899 -0.34811
mt 2900 2999 -0.35186
mt 3000 3099 -0.25210
mt 3100 3199 -0.35075
mt 3200 3299 -0.34373
mt 3300 3399 -0.36079
mt 3400 3499 0.02774
mt 3500 3599 0.01413
mt 3600 3699 -0.37984
mt 3700 3799 -0.32726
mt 3800 3899 -0.18158
mt 3900 3999 -0.03935
mt 4000 4099 -0.41675
mt 4100 4199 -0.16086
mt 4200 4299 0.05381
mt 4300 4399 -0.44039
mt 4400 4499 0.03808
mt 4500 4599 -0.05646
mt 4600 4699 -0.37356
mt 4700 4799 -0.42284
mt 4800 4899 -0.11877
mt 4900 4999 -0.44845
v1 0 99 0.16082
v1 100 199 0.00073
v1 200 299 0.41639
v1 300 399 -0.01936
v1 400 499 0.44217
v1 500 599 0.28476
v1 600 699 0.55180
v1 700 799 0.17571
v1 800 899 0.32707
v1 900 999 0.56768
v1 1000 1099 0.57682
v1 1100 1199 0.18697
v1 1200 1299 0.23378
v1 1300 1399 0.35844
v1 1400 1499 0.59899
v1 1500 1599 0.73561
v1 1600 1699 0.22624
v1 1700 1799 -0.01124
v2 0 99 -0.04365
v2 100 199 0.44966
v2 200 299 0.61602
v2 300 399 0.49052
v2 400 499 0.23590
v2 500 599 0.49912
v2 600 699 0.36753
v2 700 799 0.38015
v2 800 899 0.41182
va 0 99 0.47676
va 100 199 -0.00530
va 200 299 0.21807
va 300 399 0.00000
va 400 499 0.61704
va 500 599 0.91631
va 600 699 0.47908
va 700 799 -0.06340
va 800 899 0.04118
va 900 999 0.24470
va 1000 1099 0.90697
va 1100 1199 0.76563
va 1200 1299 0.80202
va 1300 1399 -0.03717
va 1400 1499 0.42609
va 1500 1599 0.18915
va 1600 1699 0.32817
va 1700 1799 0.03078
